x	y	yaw	v	w
0	0	2.03444	0	0
0	0	2.03444	0	0
0	0	2.03444	0	0
0	0	2.03444	0	0
0	0	2.03444	0	0
0	0	2.03444	0	0
0	0	2.03444	0	0
0	0	2.03444	0	0
0	0	2.03444	0	0
0	0	2.03444	0	0
0	0	2.03444	0	0
0	0	2.03444	0	0
0	0	2.03444	0	0
0	0	2.03444	0	0
0	0	2.03444	0	0
0	0	2.03444	0	0
0	0	2.03444	0	0
0	0	2.03444	0	0
0	-1.79671	-2.03445	0.25	0.00121965
0	-1.79671	-2.03445	0.25	0.00121965
0	-1.79671	-2.03445	0.25	0.00121965
0	-1.79671	-2.03445	0.25	0.00121965
0	-1.79671	-2.03445	0.25	0.00121965
0	-1.79671	-2.03445	0.25	0.00121965
0	-1.79671	-2.03445	0.25	0.00121965
0	-1.79671	-2.03445	0.25	0.00121965
0	-1.79671	-2.03445	0.25	0.00121965
0	-1.79671	-2.03445	0.25	0.00121965
-0.872916	-1.78596	-2.03445	0.253721	-0.0425575
-0.872916	-1.78596	-2.03445	0.253721	-0.0425575
-0.872916	-1.78596	-2.03445	0.253721	-0.0425575
-0.872916	-1.78596	-2.03445	0.253721	-0.0425575
-0.872916	-1.78596	-2.03445	0.253721	-0.0425575
-0.872916	-1.78596	-2.03445	0.253721	-0.0425575
-0.872916	-1.78596	-2.03445	0.253721	-0.0425575
-0.872916	-1.78596	-2.03445	0.253721	-0.0425575
-0.872916	-1.78596	-2.03445	0.253721	-0.0425575
-0.872916	-1.78596	-2.03445	0.253721	-0.0425575
-0.89472	-1.78568	-2.03445	0.25256	0.0366144
-0.89472	-1.78568	-2.03445	0.25256	0.0366144
-0.89472	-1.78568	-2.03445	0.25256	0.0366144
-0.89472	-1.78568	-2.03445	0.25256	0.0366144
-0.89472	-1.78568	-2.03445	0.25256	0.0366144
-0.89472	-1.78568	-2.03445	0.25256	0.0366144
-0.89472	-1.78568	-2.03445	0.25256	0.0366144
-0.89472	-1.78568	-2.03445	0.25256	0.0366144
-0.89472	-1.78568	-2.03445	0.25256	0.0366144
-0.89472	-1.78568	-2.03445	0.25256	0.0366144
-0.892419	-1.78571	-2.03445	0.24763	0.00333735
-0.892419	-1.78571	-2.03445	0.24763	0.00333735
-0.892419	-1.78571	-2.03445	0.24763	0.00333735
-0.892419	-1.78571	-2.03445	0.24763	0.00333735
-0.892419	-1.78571	-2.03445	0.24763	0.00333735
-0.892419	-1.78571	-2.03445	0.24763	0.00333735
-0.892419	-1.78571	-2.03445	0.24763	0.00333735
-0.892419	-1.78571	-2.03445	0.24763	0.00333735
-0.892419	-1.78571	-2.03445	0.24763	0.00333735
-0.892419	-1.78571	-2.03445	0.24763	0.00333735
-1.0212	-1.7843	-2.03445	0.24949	-0.0173427
-1.0212	-1.7843	-2.03445	0.24949	-0.0173427
-1.0212	-1.7843	-2.03445	0.24949	-0.0173427
-1.0212	-1.7843	-2.03445	0.24949	-0.0173427
-1.0212	-1.7843	-2.03445	0.24949	-0.0173427
-1.0212	-1.7843	-2.03445	0.24949	-0.0173427
-1.0212	-1.7843	-2.03445	0.24949	-0.0173427
-1.0212	-1.7843	-2.03445	0.24949	-0.0173427
-1.0212	-1.7843	-2.03445	0.24949	-0.0173427
-1.0212	-1.7843	-2.03445	0.24949	-0.0173427
-1.13	-1.78342	-2.03444	0.251787	0.0757976
-1.13	-1.78342	-2.03444	0.251787	0.0757976
-1.13	-1.78342	-2.03444	0.251787	0.0757976
-1.13	-1.78342	-2.03444	0.251787	0.0757976
-1.13	-1.78342	-2.03444	0.251787	0.0757976
-1.13	-1.78342	-2.03444	0.251787	0.0757976
-1.13	-1.78342	-2.03444	0.251787	0.0757976
-1.13	-1.78342	-2.03444	0.251787	0.0757976
-1.13	-1.78342	-2.03444	0.251787	0.0757976
-1.13	-1.78342	-2.03444	0.251787	0.0757976
-1.12902	-1.78342	-2.03444	0.247651	0.00296275
-1.12902	-1.78342	-2.03444	0.247651	0.00296275
-1.12902	-1.78342	-2.03444	0.247651	0.00296275
-1.12902	-1.78342	-2.03444	0.247651	0.00296275
-1.12902	-1.78342	-2.03444	0.247651	0.00296275
-1.12902	-1.78342	-2.03444	0.247651	0.00296275
-1.12902	-1.78342	-2.03444	0.247651	0.00296275
-1.12902	-1.78342	-2.03444	0.247651	0.00296275
-1.12902	-1.78342	-2.03444	0.247651	0.00296275
-1.12902	-1.78342	-2.03444	0.247651	0.00296275
-1.31234	-1.78248	-2.03445	0.250716	-0.0219193
-1.31234	-1.78248	-2.03445	0.250716	-0.0219193
-1.31234	-1.78248	-2.03445	0.250716	-0.0219193
-1.31234	-1.78248	-2.03445	0.250716	-0.0219193
-1.31234	-1.78248	-2.03445	0.250716	-0.0219193
-1.31234	-1.78248	-2.03445	0.250716	-0.0219193
-1.31234	-1.78248	-2.03445	0.250716	-0.0219193
-1.31234	-1.78248	-2.03445	0.250716	-0.0219193
-1.31234	-1.78248	-2.03445	0.250716	-0.0219193
-1.31234	-1.78248	-2.03445	0.250716	-0.0219193
-1.34326	-1.78233	-2.03444	0.253879	0.0270566
-1.34326	-1.78233	-2.03444	0.253879	0.0270566
-1.34326	-1.78233	-2.03444	0.253879	0.0270566
-1.34326	-1.78233	-2.03444	0.253879	0.0270566
-1.34326	-1.78233	-2.03444	0.253879	0.0270566
-1.34326	-1.78233	-2.03444	0.253879	0.0270566
-1.34326	-1.78233	-2.03444	0.253879	0.0270566
-1.34326	-1.78233	-2.03444	0.253879	0.0270566
-1.34326	-1.78233	-2.03444	0.253879	0.0270566
-1.34326	-1.78233	-2.03444	0.253879	0.0270566
-1.39614	-1.78199	-2.03445	0.251101	-0.0563496
-1.39614	-1.78199	-2.03445	0.251101	-0.0563496
-1.39614	-1.78199	-2.03445	0.251101	-0.0563496
-1.39614	-1.78199	-2.03445	0.251101	-0.0563496
-1.39614	-1.78199	-2.03445	0.251101	-0.0563496
-1.39614	-1.78199	-2.03445	0.251101	-0.0563496
-1.39614	-1.78199	-2.03445	0.251101	-0.0563496
-1.39614	-1.78199	-2.03445	0.251101	-0.0563496
-1.39614	-1.78199	-2.03445	0.251101	-0.0563496
-1.39614	-1.78199	-2.03445	0.251101	-0.0563496
-1.39754	-1.78198	-2.03445	0.25098	0.00314124
-1.39754	-1.78198	-2.03445	0.25098	0.00314124
-1.39754	-1.78198	-2.03445	0.25098	0.00314124
-1.39754	-1.78198	-2.03445	0.25098	0.00314124
-1.39754	-1.78198	-2.03445	0.25098	0.00314124
-1.39754	-1.78198	-2.03445	0.25098	0.00314124
-1.39754	-1.78198	-2.03445	0.25098	0.00314124
-1.39754	-1.78198	-2.03445	0.25098	0.00314124
-1.39754	-1.78198	-2.03445	0.25098	0.00314124
-1.39754	-1.78198	-2.03445	0.25098	0.00314124
-1.53503	-1.78059	-2.03445	0.250865	-0.017202
-1.53503	-1.78059	-2.03445	0.250865	-0.017202
-1.53503	-1.78059	-2.03445	0.250865	-0.017202
-1.53503	-1.78059	-2.03445	0.250865	-0.017202
-1.53503	-1.78059	-2.03445	0.250865	-0.017202
-1.53503	-1.78059	-2.03445	0.250865	-0.017202
-1.53503	-1.78059	-2.03445	0.250865	-0.017202
-1.53503	-1.78059	-2.03445	0.250865	-0.017202
-1.53503	-1.78059	-2.03445	0.250865	-0.017202
-1.53503	-1.78059	-2.03445	0.250865	-0.017202
-1.48191	-1.78127	-2.03445	0.249274	-0.0364549
-1.48191	-1.78127	-2.03445	0.249274	-0.0364549
-1.48191	-1.78127	-2.03445	0.249274	-0.0364549
-1.48191	-1.78127	-2.03445	0.249274	-0.0364549
-1.48191	-1.78127	-2.03445	0.249274	-0.0364549
-1.48191	-1.78127	-2.03445	0.249274	-0.0364549
-1.48191	-1.78127	-2.03445	0.249274	-0.0364549
-1.48191	-1.78127	-2.03445	0.249274	-0.0364549
-1.48191	-1.78127	-2.03445	0.249274	-0.0364549
-1.48191	-1.78127	-2.03445	0.249274	-0.0364549
-1.46276	-1.78157	-2.03446	0.249311	-0.0280163
-1.46276	-1.78157	-2.03446	0.249311	-0.0280163
-1.46276	-1.78157	-2.03446	0.249311	-0.0280163
-1.46276	-1.78157	-2.03446	0.249311	-0.0280163
-1.46276	-1.78157	-2.03446	0.249311	-0.0280163
-1.46276	-1.78157	-2.03446	0.249311	-0.0280163
-1.46276	-1.78157	-2.03446	0.249311	-0.0280163
-1.46276	-1.78157	-2.03446	0.249311	-0.0280163
-1.46276	-1.78157	-2.03446	0.249311	-0.0280163
-1.46276	-1.78157	-2.03446	0.249311	-0.0280163
-1.52161	-1.78076	-2.03445	0.25416	0.0660536
-1.52161	-1.78076	-2.03445	0.25416	0.0660536
-1.52161	-1.78076	-2.03445	0.25416	0.0660536
-1.52161	-1.78076	-2.03445	0.25416	0.0660536
-1.52161	-1.78076	-2.03445	0.25416	0.0660536
-1.52161	-1.78076	-2.03445	0.25416	0.0660536
-1.52161	-1.78076	-2.03445	0.25416	0.0660536
-1.52161	-1.78076	-2.03445	0.25416	0.0660536
-1.52161	-1.78076	-2.03445	0.25416	0.0660536
-1.52161	-1.78076	-2.03445	0.25416	0.0660536
-1.53622	-1.78059	-2.03445	0.249073	-0.0380185
-1.53622	-1.78059	-2.03445	0.249073	-0.0380185
-1.53622	-1.78059	-2.03445	0.249073	-0.0380185
-1.53622	-1.78059	-2.03445	0.249073	-0.0380185
-1.53622	-1.78059	-2.03445	0.249073	-0.0380185
-1.53622	-1.78059	-2.03445	0.249073	-0.0380185
-1.53622	-1.78059	-2.03445	0.249073	-0.0380185
-1.53622	-1.78059	-2.03445	0.249073	-0.0380185
-1.53622	-1.78059	-2.03445	0.249073	-0.0380185
-1.53622	-1.78059	-2.03445	0.249073	-0.0380185
-1.55493	-1.78035	-2.03445	0.255238	0.0285668
-1.55493	-1.78035	-2.03445	0.255238	0.0285668
-1.55493	-1.78035	-2.03445	0.255238	0.0285668
-1.55493	-1.78035	-2.03445	0.255238	0.0285668
-1.55493	-1.78035	-2.03445	0.255238	0.0285668
-1.55493	-1.78035	-2.03445	0.255238	0.0285668
-1.55493	-1.78035	-2.03445	0.255238	0.0285668
-1.55493	-1.78035	-2.03445	0.255238	0.0285668
-1.55493	-1.78035	-2.03445	0.255238	0.0285668
-1.55493	-1.78035	-2.03445	0.255238	0.0285668
-1.55702	-1.78033	-2.03445	0.248572	-0.00234489
-1.55702	-1.78033	-2.03445	0.248572	-0.00234489
-1.55702	-1.78033	-2.03445	0.248572	-0.00234489
-1.55702	-1.78033	-2.03445	0.248572	-0.00234489
-1.55702	-1.78033	-2.03445	0.248572	-0.00234489
-1.55702	-1.78033	-2.03445	0.248572	-0.00234489
-1.55702	-1.78033	-2.03445	0.248572	-0.00234489
-1.55702	-1.78033	-2.03445	0.248572	-0.00234489
-1.55702	-1.78033	-2.03445	0.248572	-0.00234489
-1.55702	-1.78033	-2.03445	0.248572	-0.00234489
-1.1402	-1.78566	-2.03445	0.249606	-0.0393867
-1.1402	-1.78566	-2.03445	0.249606	-0.0393867
-1.1402	-1.78566	-2.03445	0.249606	-0.0393867
-1.1402	-1.78566	-2.03445	0.249606	-0.0393867
-1.1402	-1.78566	-2.03445	0.249606	-0.0393867
-1.1402	-1.78566	-2.03445	0.249606	-0.0393867
-1.1402	-1.78566	-2.03445	0.249606	-0.0393867
-1.1402	-1.78566	-2.03445	0.249606	-0.0393867
-1.1402	-1.78566	-2.03445	0.249606	-0.0393867
-1.1402	-1.78566	-2.03445	0.249606	-0.0393867
-1.15167	-1.7855	-2.03445	0.249435	0.0180892
-1.15167	-1.7855	-2.03445	0.249435	0.0180892
-1.15167	-1.7855	-2.03445	0.249435	0.0180892
-1.15167	-1.7855	-2.03445	0.249435	0.0180892
-1.15167	-1.7855	-2.03445	0.249435	0.0180892
-1.15167	-1.7855	-2.03445	0.249435	0.0180892
-1.15167	-1.7855	-2.03445	0.249435	0.0180892
-1.15167	-1.7855	-2.03445	0.249435	0.0180892
-1.15167	-1.7855	-2.03445	0.249435	0.0180892
-1.15167	-1.7855	-2.03445	0.249435	0.0180892
-1.17739	-1.78514	-2.03446	0.25139	-0.0186537
-1.17739	-1.78514	-2.03446	0.25139	-0.0186537
-1.17739	-1.78514	-2.03446	0.25139	-0.0186537
-1.17739	-1.78514	-2.03446	0.25139	-0.0186537
-1.17739	-1.78514	-2.03446	0.25139	-0.0186537
-1.17739	-1.78514	-2.03446	0.25139	-0.0186537
-1.17739	-1.78514	-2.03446	0.25139	-0.0186537
-1.17739	-1.78514	-2.03446	0.25139	-0.0186537
-1.17739	-1.78514	-2.03446	0.25139	-0.0186537
-1.17739	-1.78514	-2.03446	0.25139	-0.0186537
-1.11876	-1.78615	-2.03446	0.25237	-0.0435076
-1.11876	-1.78615	-2.03446	0.25237	-0.0435076
-1.11876	-1.78615	-2.03446	0.25237	-0.0435076
-1.11876	-1.78615	-2.03446	0.25237	-0.0435076
-1.11876	-1.78615	-2.03446	0.25237	-0.0435076
-1.11876	-1.78615	-2.03446	0.25237	-0.0435076
-1.11876	-1.78615	-2.03446	0.25237	-0.0435076
-1.11876	-1.78615	-2.03446	0.25237	-0.0435076
-1.11876	-1.78615	-2.03446	0.25237	-0.0435076
-1.11876	-1.78615	-2.03446	0.25237	-0.0435076
-1.12164	-1.7861	-2.03446	0.251945	0.00495843
-1.12164	-1.7861	-2.03446	0.251945	0.00495843
-1.12164	-1.7861	-2.03446	0.251945	0.00495843
-1.12164	-1.7861	-2.03446	0.251945	0.00495843
-1.12164	-1.7861	-2.03446	0.251945	0.00495843
-1.12164	-1.7861	-2.03446	0.251945	0.00495843
-1.12164	-1.7861	-2.03446	0.251945	0.00495843
-1.12164	-1.7861	-2.03446	0.251945	0.00495843
-1.12164	-1.7861	-2.03446	0.251945	0.00495843
-1.12164	-1.7861	-2.03446	0.251945	0.00495843
-1.36985	-1.78067	-2.03447	0.24919	-0.0489615
-1.36985	-1.78067	-2.03447	0.24919	-0.0489615
-1.36985	-1.78067	-2.03447	0.24919	-0.0489615
-1.36985	-1.78067	-2.03447	0.24919	-0.0489615
-1.36985	-1.78067	-2.03447	0.24919	-0.0489615
-1.36985	-1.78067	-2.03447	0.24919	-0.0489615
-1.36985	-1.78067	-2.03447	0.24919	-0.0489615
-1.36985	-1.78067	-2.03447	0.24919	-0.0489615
-1.36985	-1.78067	-2.03447	0.24919	-0.0489615
-1.36985	-1.78067	-2.03447	0.24919	-0.0489615
-1.39178	-1.78018	-2.03446	0.250943	0.0430043
-1.39178	-1.78018	-2.03446	0.250943	0.0430043
-1.39178	-1.78018	-2.03446	0.250943	0.0430043
-1.39178	-1.78018	-2.03446	0.250943	0.0430043
-1.39178	-1.78018	-2.03446	0.250943	0.0430043
-1.39178	-1.78018	-2.03446	0.250943	0.0430043
-1.39178	-1.78018	-2.03446	0.250943	0.0430043
-1.39178	-1.78018	-2.03446	0.250943	0.0430043
-1.39178	-1.78018	-2.03446	0.250943	0.0430043
-1.39178	-1.78018	-2.03446	0.250943	0.0430043
-1.36794	-1.78061	-2.03446	0.247003	0.0409556
-1.36794	-1.78061	-2.03446	0.247003	0.0409556
-1.36794	-1.78061	-2.03446	0.247003	0.0409556
-1.36794	-1.78061	-2.03446	0.247003	0.0409556
-1.36794	-1.78061	-2.03446	0.247003	0.0409556
-1.36794	-1.78061	-2.03446	0.247003	0.0409556
-1.36794	-1.78061	-2.03446	0.247003	0.0409556
-1.36794	-1.78061	-2.03446	0.247003	0.0409556
-1.36794	-1.78061	-2.03446	0.247003	0.0409556
-1.36794	-1.78061	-2.03446	0.247003	0.0409556
-1.37367	-1.78052	-2.03446	0.249418	-0.00948727
-1.37367	-1.78052	-2.03446	0.249418	-0.00948727
-1.37367	-1.78052	-2.03446	0.249418	-0.00948727
-1.37367	-1.78052	-2.03446	0.249418	-0.00948727
-1.37367	-1.78052	-2.03446	0.249418	-0.00948727
-1.37367	-1.78052	-2.03446	0.249418	-0.00948727
-1.37367	-1.78052	-2.03446	0.249418	-0.00948727
-1.37367	-1.78052	-2.03446	0.249418	-0.00948727
-1.37367	-1.78052	-2.03446	0.249418	-0.00948727
-1.37367	-1.78052	-2.03446	0.249418	-0.00948727
-1.43047	-1.77959	-2.03446	0.250643	0.0215966
-1.43047	-1.77959	-2.03446	0.250643	0.0215966
-1.43047	-1.77959	-2.03446	0.250643	0.0215966
-1.43047	-1.77959	-2.03446	0.250643	0.0215966
-1.43047	-1.77959	-2.03446	0.250643	0.0215966
-1.43047	-1.77959	-2.03446	0.250643	0.0215966
-1.43047	-1.77959	-2.03446	0.250643	0.0215966
-1.43047	-1.77959	-2.03446	0.250643	0.0215966
-1.43047	-1.77959	-2.03446	0.250643	0.0215966
-1.43047	-1.77959	-2.03446	0.250643	0.0215966
-1.41495	-1.77982	-2.03445	0.246825	0.0134017
-1.41495	-1.77982	-2.03445	0.246825	0.0134017
-1.41495	-1.77982	-2.03445	0.246825	0.0134017
-1.41495	-1.77982	-2.03445	0.246825	0.0134017
-1.41495	-1.77982	-2.03445	0.246825	0.0134017
-1.41495	-1.77982	-2.03445	0.246825	0.0134017
-1.41495	-1.77982	-2.03445	0.246825	0.0134017
-1.41495	-1.77982	-2.03445	0.246825	0.0134017
-1.41495	-1.77982	-2.03445	0.246825	0.0134017
-1.41495	-1.77982	-2.03445	0.246825	0.0134017
-1.39161	-1.78013	-2.03445	0.248688	0.0126833
-1.39161	-1.78013	-2.03445	0.248688	0.0126833
-1.39161	-1.78013	-2.03445	0.248688	0.0126833
-1.39161	-1.78013	-2.03445	0.248688	0.0126833
-1.39161	-1.78013	-2.03445	0.248688	0.0126833
-1.39161	-1.78013	-2.03445	0.248688	0.0126833
-1.39161	-1.78013	-2.03445	0.248688	0.0126833
-1.39161	-1.78013	-2.03445	0.248688	0.0126833
-1.39161	-1.78013	-2.03445	0.248688	0.0126833
-1.39161	-1.78013	-2.03445	0.248688	0.0126833
-1.3345	-1.78077	-2.03445	0.248618	0.0291235
-1.3345	-1.78077	-2.03445	0.248618	0.0291235
-1.3345	-1.78077	-2.03445	0.248618	0.0291235
-1.3345	-1.78077	-2.03445	0.248618	0.0291235
-1.3345	-1.78077	-2.03445	0.248618	0.0291235
-1.3345	-1.78077	-2.03445	0.248618	0.0291235
-1.3345	-1.78077	-2.03445	0.248618	0.0291235
-1.3345	-1.78077	-2.03445	0.248618	0.0291235
-1.3345	-1.78077	-2.03445	0.248618	0.0291235
-1.3345	-1.78077	-2.03445	0.248618	0.0291235
-1.33145	-1.7808	-2.03445	0.250391	0.00355921
-1.33145	-1.7808	-2.03445	0.250391	0.00355921
-1.33145	-1.7808	-2.03445	0.250391	0.00355921
-1.33145	-1.7808	-2.03445	0.250391	0.00355921
-1.33145	-1.7808	-2.03445	0.250391	0.00355921
-1.33145	-1.7808	-2.03445	0.250391	0.00355921
-1.33145	-1.7808	-2.03445	0.250391	0.00355921
-1.33145	-1.7808	-2.03445	0.250391	0.00355921
-1.33145	-1.7808	-2.03445	0.250391	0.00355921
-1.33145	-1.7808	-2.03445	0.250391	0.00355921
-1.81242	-1.77459	-2.03446	0.251163	-0.0685982
-1.81242	-1.77459	-2.03446	0.251163	-0.0685982
-1.81242	-1.77459	-2.03446	0.251163	-0.0685982
-1.81242	-1.77459	-2.03446	0.251163	-0.0685982
-1.81242	-1.77459	-2.03446	0.251163	-0.0685982
-1.81242	-1.77459	-2.03446	0.251163	-0.0685982
-1.81242	-1.77459	-2.03446	0.251163	-0.0685982
-1.81242	-1.77459	-2.03446	0.251163	-0.0685982
-1.81242	-1.77459	-2.03446	0.251163	-0.0685982
-1.81242	-1.77459	-2.03446	0.251163	-0.0685982
-1.82598	-1.77439	-2.03445	0.24922	0.0370102
-1.82598	-1.77439	-2.03445	0.24922	0.0370102
-1.82598	-1.77439	-2.03445	0.24922	0.0370102
-1.82598	-1.77439	-2.03445	0.24922	0.0370102
-1.82598	-1.77439	-2.03445	0.24922	0.0370102
-1.82598	-1.77439	-2.03445	0.24922	0.0370102
-1.82598	-1.77439	-2.03445	0.24922	0.0370102
-1.82598	-1.77439	-2.03445	0.24922	0.0370102
-1.82598	-1.77439	-2.03445	0.24922	0.0370102
-1.82598	-1.77439	-2.03445	0.24922	0.0370102
-1.83813	-1.77423	-2.03445	0.248184	-0.0180199
-1.83813	-1.77423	-2.03445	0.248184	-0.0180199
-1.83813	-1.77423	-2.03445	0.248184	-0.0180199
-1.83813	-1.77423	-2.03445	0.248184	-0.0180199
-1.83813	-1.77423	-2.03445	0.248184	-0.0180199
-1.83813	-1.77423	-2.03445	0.248184	-0.0180199
-1.83813	-1.77423	-2.03445	0.248184	-0.0180199
-1.83813	-1.77423	-2.03445	0.248184	-0.0180199
-1.83813	-1.77423	-2.03445	0.248184	-0.0180199
-1.83813	-1.77423	-2.03445	0.248184	-0.0180199
-1.795	-1.7749	-2.03446	0.251404	-0.0313344
-1.795	-1.7749	-2.03446	0.251404	-0.0313344
-1.795	-1.7749	-2.03446	0.251404	-0.0313344
-1.795	-1.7749	-2.03446	0.251404	-0.0313344
-1.795	-1.7749	-2.03446	0.251404	-0.0313344
-1.795	-1.7749	-2.03446	0.251404	-0.0313344
-1.795	-1.7749	-2.03446	0.251404	-0.0313344
-1.795	-1.7749	-2.03446	0.251404	-0.0313344
-1.795	-1.7749	-2.03446	0.251404	-0.0313344
-1.795	-1.7749	-2.03446	0.251404	-0.0313344
-1.79676	-1.77487	-2.03446	0.249951	0.00219939
-1.79676	-1.77487	-2.03446	0.249951	0.00219939
-1.79676	-1.77487	-2.03446	0.249951	0.00219939
-1.79676	-1.77487	-2.03446	0.249951	0.00219939
-1.79676	-1.77487	-2.03446	0.249951	0.00219939
-1.79676	-1.77487	-2.03446	0.249951	0.00219939
-1.79676	-1.77487	-2.03446	0.249951	0.00219939
-1.79676	-1.77487	-2.03446	0.249951	0.00219939
