x	y	yaw	v	w
0	0	2.03444	0	0
0	0	2.03444	0	0
0	0	2.03444	0	0
0	-1.31554	2.03447	0.25	-0.99878
0	-1.31554	2.03447	0.25	-0.99878
0	-1.31554	2.03447	0.25	-0.99878
0	-1.31554	2.03447	0.25	-0.99878
0	-1.31554	2.03447	0.25	-0.99878
0	-1.31554	2.03447	0.25	-0.99878
0	-1.31554	2.03447	0.25	-0.99878
0	-1.31554	2.03447	0.25	-0.99878
0	-1.31554	2.03447	0.25	-0.99878
0	-1.31554	2.03447	0.25	-0.99878
0.0214165	-1.31598	-2.03465	0.139093	-0.856492
0.0214165	-1.31598	-2.03465	0.139093	-0.856492
0.0214165	-1.31598	-2.03465	0.139093	-0.856492
0.0214165	-1.31598	-2.03465	0.139093	-0.856492
0.0214165	-1.31598	-2.03465	0.139093	-0.856492
0.0214165	-1.31598	-2.03465	0.139093	-0.856492
0.0214165	-1.31598	-2.03465	0.139093	-0.856492
0.0214165	-1.31598	-2.03465	0.139093	-0.856492
0.0214165	-1.31598	-2.03465	0.139093	-0.856492
0.0214165	-1.31598	-2.03465	0.139093	-0.856492
0.0394888	-1.31816	-2.03602	0.163044	-1.1209
0.0394888	-1.31816	-2.03602	0.163044	-1.1209
0.0394888	-1.31816	-2.03602	0.163044	-1.1209
0.0394888	-1.31816	-2.03602	0.163044	-1.1209
0.0394888	-1.31816	-2.03602	0.163044	-1.1209
0.0394888	-1.31816	-2.03602	0.163044	-1.1209
0.0394888	-1.31816	-2.03602	0.163044	-1.1209
0.0394888	-1.31816	-2.03602	0.163044	-1.1209
0.0394888	-1.31816	-2.03602	0.163044	-1.1209
0.0394888	-1.31816	-2.03602	0.163044	-1.1209
0.0537728	-1.32147	-2.03832	0.328508	-1.0093
0.0537728	-1.32147	-2.03832	0.328508	-1.0093
0.0537728	-1.32147	-2.03832	0.328508	-1.0093
0.0537728	-1.32147	-2.03832	0.328508	-1.0093
0.0537728	-1.32147	-2.03832	0.328508	-1.0093
0.0537728	-1.32147	-2.03832	0.328508	-1.0093
0.0537728	-1.32147	-2.03832	0.328508	-1.0093
0.0537728	-1.32147	-2.03832	0.328508	-1.0093
0.0537728	-1.32147	-2.03832	0.328508	-1.0093
0.0537728	-1.32147	-2.03832	0.328508	-1.0093
0.0830878	-1.33135	-2.04147	0.26384	-0.948865
0.0830878	-1.33135	-2.04147	0.26384	-0.948865
0.0830878	-1.33135	-2.04147	0.26384	-0.948865
0.0830878	-1.33135	-2.04147	0.26384	-0.948865
0.0830878	-1.33135	-2.04147	0.26384	-0.948865
0.0830878	-1.33135	-2.04147	0.26384	-0.948865
0.0830878	-1.33135	-2.04147	0.26384	-0.948865
0.0830878	-1.33135	-2.04147	0.26384	-0.948865
0.0830878	-1.33135	-2.04147	0.26384	-0.948865
0.0830878	-1.33135	-2.04147	0.26384	-0.948865
0.114298	-1.34584	-2.04701	0.197265	-1.243
0.114298	-1.34584	-2.04701	0.197265	-1.243
0.114298	-1.34584	-2.04701	0.197265	-1.243
0.114298	-1.34584	-2.04701	0.197265	-1.243
0.114298	-1.34584	-2.04701	0.197265	-1.243
0.114298	-1.34584	-2.04701	0.197265	-1.243
0.114298	-1.34584	-2.04701	0.197265	-1.243
0.114298	-1.34584	-2.04701	0.197265	-1.243
0.114298	-1.34584	-2.04701	0.197265	-1.243
0.114298	-1.34584	-2.04701	0.197265	-1.243
0.127988	-1.35418	-2.05281	0.324971	-1.00841
0.127988	-1.35418	-2.05281	0.324971	-1.00841
0.127988	-1.35418	-2.05281	0.324971	-1.00841
0.127988	-1.35418	-2.05281	0.324971	-1.00841
0.127988	-1.35418	-2.05281	0.324971	-1.00841
0.127988	-1.35418	-2.05281	0.324971	-1.00841
0.127988	-1.35418	-2.05281	0.324971	-1.00841
0.127988	-1.35418	-2.05281	0.324971	-1.00841
0.127988	-1.35418	-2.05281	0.324971	-1.00841
0.127988	-1.35418	-2.05281	0.324971	-1.00841
0.152037	-1.37224	-2.05925	0.230466	-0.932781
0.152037	-1.37224	-2.05925	0.230466	-0.932781
0.152037	-1.37224	-2.05925	0.230466	-0.932781
0.152037	-1.37224	-2.05925	0.230466	-0.932781
0.152037	-1.37224	-2.05925	0.230466	-0.932781
0.152037	-1.37224	-2.05925	0.230466	-0.932781
0.152037	-1.37224	-2.05925	0.230466	-0.932781
0.152037	-1.37224	-2.05925	0.230466	-0.932781
0.152037	-1.37224	-2.05925	0.230466	-0.932781
0.152037	-1.37224	-2.05925	0.230466	-0.932781
0.171929	-1.39062	-2.06816	0.130925	-1.09353
0.171929	-1.39062	-2.06816	0.130925	-1.09353
0.171929	-1.39062	-2.06816	0.130925	-1.09353
0.171929	-1.39062	-2.06816	0.130925	-1.09353
0.171929	-1.39062	-2.06816	0.130925	-1.09353
0.171929	-1.39062	-2.06816	0.130925	-1.09353
0.171929	-1.39062	-2.06816	0.130925	-1.09353
0.171929	-1.39062	-2.06816	0.130925	-1.09353
0.171929	-1.39062	-2.06816	0.130925	-1.09353
0.171929	-1.39062	-2.06816	0.130925	-1.09353
0.17848	-1.39795	-2.07593	0.21229	-0.821476
0.17848	-1.39795	-2.07593	0.21229	-0.821476
0.17848	-1.39795	-2.07593	0.21229	-0.821476
0.17848	-1.39795	-2.07593	0.21229	-0.821476
0.17848	-1.39795	-2.07593	0.21229	-0.821476
0.17848	-1.39795	-2.07593	0.21229	-0.821476
0.17848	-1.39795	-2.07593	0.21229	-0.821476
0.17848	-1.39795	-2.07593	0.21229	-0.821476
0.17848	-1.39795	-2.07593	0.21229	-0.821476
0.17848	-1.39795	-2.07593	0.21229	-0.821476
0.193961	-1.41884	-2.08657	0.219348	-1.00972
0.193961	-1.41884	-2.08657	0.219348	-1.00972
0.193961	-1.41884	-2.08657	0.219348	-1.00972
0.193961	-1.41884	-2.08657	0.219348	-1.00972
0.193961	-1.41884	-2.08657	0.219348	-1.00972
0.193961	-1.41884	-2.08657	0.219348	-1.00972
0.193961	-1.41884	-2.08657	0.219348	-1.00972
0.193961	-1.41884	-2.08657	0.219348	-1.00972
0.193961	-1.41884	-2.08657	0.219348	-1.00972
0.193961	-1.41884	-2.08657	0.219348	-1.00972
0.204561	-1.43645	-2.09813	0.22309	-0.946727
0.204561	-1.43645	-2.09813	0.22309	-0.946727
0.204561	-1.43645	-2.09813	0.22309	-0.946727
0.204561	-1.43645	-2.09813	0.22309	-0.946727
0.204561	-1.43645	-2.09813	0.22309	-0.946727
0.204561	-1.43645	-2.09813	0.22309	-0.946727
0.204561	-1.43645	-2.09813	0.22309	-0.946727
0.204561	-1.43645	-2.09813	0.22309	-0.946727
0.204561	-1.43645	-2.09813	0.22309	-0.946727
0.204561	-1.43645	-2.09813	0.22309	-0.946727
0.213711	-1.45542	-2.1105	0.272484	-0.894087
0.213711	-1.45542	-2.1105	0.272484	-0.894087
0.213711	-1.45542	-2.1105	0.272484	-0.894087
0.213711	-1.45542	-2.1105	0.272484	-0.894087
0.213711	-1.45542	-2.1105	0.272484	-0.894087
0.213711	-1.45542	-2.1105	0.272484	-0.894087
0.213711	-1.45542	-2.1105	0.272484	-0.894087
0.213711	-1.45542	-2.1105	0.272484	-0.894087
0.213711	-1.45542	-2.1105	0.272484	-0.894087
0.213711	-1.45542	-2.1105	0.272484	-0.894087
0.223525	-1.48161	-2.12473	0.270131	-0.917874
0.223525	-1.48161	-2.12473	0.270131	-0.917874
0.223525	-1.48161	-2.12473	0.270131	-0.917874
0.223525	-1.48161	-2.12473	0.270131	-0.917874
0.223525	-1.48161	-2.12473	0.270131	-0.917874
0.223525	-1.48161	-2.12473	0.270131	-0.917874
0.223525	-1.48161	-2.12473	0.270131	-0.917874
0.223525	-1.48161	-2.12473	0.270131	-0.917874
0.223525	-1.48161	-2.12473	0.270131	-0.917874
0.223525	-1.48161	-2.12473	0.270131	-0.917874
0.232511	-1.51676	-2.14666	0.128232	-1.23064
0.232511	-1.51676	-2.14666	0.128232	-1.23064
0.232511	-1.51676	-2.14666	0.128232	-1.23064
0.232511	-1.51676	-2.14666	0.128232	-1.23064
0.232511	-1.51676	-2.14666	0.128232	-1.23064
0.232511	-1.51676	-2.14666	0.128232	-1.23064
0.232511	-1.51676	-2.14666	0.128232	-1.23064
0.232511	-1.51676	-2.14666	0.128232	-1.23064
0.232511	-1.51676	-2.14666	0.128232	-1.23064
0.232511	-1.51676	-2.14666	0.128232	-1.23064
0.233824	-1.52589	-2.16427	0.281908	-0.88554
0.233824	-1.52589	-2.16427	0.281908	-0.88554
0.233824	-1.52589	-2.16427	0.281908	-0.88554
0.233824	-1.52589	-2.16427	0.281908	-0.88554
0.233824	-1.52589	-2.16427	0.281908	-0.88554
0.233824	-1.52589	-2.16427	0.281908	-0.88554
0.233824	-1.52589	-2.16427	0.281908	-0.88554
0.233824	-1.52589	-2.16427	0.281908	-0.88554
0.233824	-1.52589	-2.16427	0.281908	-0.88554
0.233824	-1.52589	-2.16427	0.281908	-0.88554
0.235359	-1.56081	-2.18908	0.100198	-1.10328
0.235359	-1.56081	-2.18908	0.100198	-1.10328
0.235359	-1.56081	-2.18908	0.100198	-1.10328
0.235359	-1.56081	-2.18908	0.100198	-1.10328
0.235359	-1.56081	-2.18908	0.100198	-1.10328
0.235359	-1.56081	-2.18908	0.100198	-1.10328
0.235359	-1.56081	-2.18908	0.100198	-1.10328
0.235359	-1.56081	-2.18908	0.100198	-1.10328
0.235359	-1.56081	-2.18908	0.100198	-1.10328
0.235359	-1.56081	-2.18908	0.100198	-1.10328
0.234802	-1.56985	-2.21452	0.300471	-0.993207
0.234802	-1.56985	-2.21452	0.300471	-0.993207
0.234802	-1.56985	-2.21452	0.300471	-0.993207
0.234802	-1.56985	-2.21452	0.300471	-0.993207
0.234802	-1.56985	-2.21452	0.300471	-0.993207
0.234802	-1.56985	-2.21452	0.300471	-0.993207
0.234802	-1.56985	-2.21452	0.300471	-0.993207
0.234802	-1.56985	-2.21452	0.300471	-0.993207
0.234802	-1.56985	-2.21452	0.300471	-0.993207
0.234802	-1.56985	-2.21452	0.300471	-0.993207
0.230647	-1.59621	-2.23941	0.261091	-0.88338
0.230647	-1.59621	-2.23941	0.261091	-0.88338
0.230647	-1.59621	-2.23941	0.261091	-0.88338
0.230647	-1.59621	-2.23941	0.261091	-0.88338
0.230647	-1.59621	-2.23941	0.261091	-0.88338
0.230647	-1.59621	-2.23941	0.261091	-0.88338
0.230647	-1.59621	-2.23941	0.261091	-0.88338
0.230647	-1.59621	-2.23941	0.261091	-0.88338
0.230647	-1.59621	-2.23941	0.261091	-0.88338
0.230647	-1.59621	-2.23941	0.261091	-0.88338
0.222879	-1.62629	-2.27237	0.266714	-1.05311
0.222879	-1.62629	-2.27237	0.266714	-1.05311
0.222879	-1.62629	-2.27237	0.266714	-1.05311
0.222879	-1.62629	-2.27237	0.266714	-1.05311
0.222879	-1.62629	-2.27237	0.266714	-1.05311
0.222879	-1.62629	-2.27237	0.266714	-1.05311
0.222879	-1.62629	-2.27237	0.266714	-1.05311
0.222879	-1.62629	-2.27237	0.266714	-1.05311
0.222879	-1.62629	-2.27237	0.266714	-1.05311
0.222879	-1.62629	-2.27237	0.266714	-1.05311
0.214665	-1.64868	-2.30588	0.209142	-0.94158
0.214665	-1.64868	-2.30588	0.209142	-0.94158
0.214665	-1.64868	-2.30588	0.209142	-0.94158
0.214665	-1.64868	-2.30588	0.209142	-0.94158
0.214665	-1.64868	-2.30588	0.209142	-0.94158
0.214665	-1.64868	-2.30588	0.209142	-0.94158
0.214665	-1.64868	-2.30588	0.209142	-0.94158
0.214665	-1.64868	-2.30588	0.209142	-0.94158
0.214665	-1.64868	-2.30588	0.209142	-0.94158
0.214665	-1.64868	-2.30588	0.209142	-0.94158
0.206504	-1.66594	-2.33958	0.175425	-0.857376
0.206504	-1.66594	-2.33958	0.175425	-0.857376
0.206504	-1.66594	-2.33958	0.175425	-0.857376
0.206504	-1.66594	-2.33958	0.175425	-0.857376
0.206504	-1.66594	-2.33958	0.175425	-0.857376
0.206504	-1.66594	-2.33958	0.175425	-0.857376
0.206504	-1.66594	-2.33958	0.175425	-0.857376
0.206504	-1.66594	-2.33958	0.175425	-0.857376
0.206504	-1.66594	-2.33958	0.175425	-0.857376
0.206504	-1.66594	-2.33958	0.175425	-0.857376
0.195933	-1.68377	-2.38365	0.186507	-1.01596
0.195933	-1.68377	-2.38365	0.186507	-1.01596
0.195933	-1.68377	-2.38365	0.186507	-1.01596
0.195933	-1.68377	-2.38365	0.186507	-1.01596
0.195933	-1.68377	-2.38365	0.186507	-1.01596
0.195933	-1.68377	-2.38365	0.186507	-1.01596
0.195933	-1.68377	-2.38365	0.186507	-1.01596
0.195933	-1.68377	-2.38365	0.186507	-1.01596
0.195933	-1.68377	-2.38365	0.186507	-1.01596
0.195933	-1.68377	-2.38365	0.186507	-1.01596
0.186706	-1.69649	-2.42548	0.276151	-0.857477
0.186706	-1.69649	-2.42548	0.276151	-0.857477
0.186706	-1.69649	-2.42548	0.276151	-0.857477
0.186706	-1.69649	-2.42548	0.276151	-0.857477
0.186706	-1.69649	-2.42548	0.276151	-0.857477
0.186706	-1.69649	-2.42548	0.276151	-0.857477
0.186706	-1.69649	-2.42548	0.276151	-0.857477
0.186706	-1.69649	-2.42548	0.276151	-0.857477
0.186706	-1.69649	-2.42548	0.276151	-0.857477
0.186706	-1.69649	-2.42548	0.276151	-0.857477
0.162345	-1.72386	-2.48755	0.222621	-1.13517
0.162345	-1.72386	-2.48755	0.222621	-1.13517
0.162345	-1.72386	-2.48755	0.222621	-1.13517
0.162345	-1.72386	-2.48755	0.222621	-1.13517
0.162345	-1.72386	-2.48755	0.222621	-1.13517
0.162345	-1.72386	-2.48755	0.222621	-1.13517
0.162345	-1.72386	-2.48755	0.222621	-1.13517
0.162345	-1.72386	-2.48755	0.222621	-1.13517
0.162345	-1.72386	-2.48755	0.222621	-1.13517
0.162345	-1.72386	-2.48755	0.222621	-1.13517
0.146141	-1.73839	-2.55595	0.343056	-1.11186
0.146141	-1.73839	-2.55595	0.343056	-1.11186
0.146141	-1.73839	-2.55595	0.343056	-1.11186
0.146141	-1.73839	-2.55595	0.343056	-1.11186
0.146141	-1.73839	-2.55595	0.343056	-1.11186
0.146141	-1.73839	-2.55595	0.343056	-1.11186
0.146141	-1.73839	-2.55595	0.343056	-1.11186
0.146141	-1.73839	-2.55595	0.343056	-1.11186
0.146141	-1.73839	-2.55595	0.343056	-1.11186
0.146141	-1.73839	-2.55595	0.343056	-1.11186
0.121915	-1.75597	-2.6221	0.265533	-0.972348
0.121915	-1.75597	-2.6221	0.265533	-0.972348
0.121915	-1.75597	-2.6221	0.265533	-0.972348
0.121915	-1.75597	-2.6221	0.265533	-0.972348
0.121915	-1.75597	-2.6221	0.265533	-0.972348
0.121915	-1.75597	-2.6221	0.265533	-0.972348
0.121915	-1.75597	-2.6221	0.265533	-0.972348
0.121915	-1.75597	-2.6221	0.265533	-0.972348
0.121915	-1.75597	-2.6221	0.265533	-0.972348
0.121915	-1.75597	-2.6221	0.265533	-0.972348
0.0964202	-1.77077	-2.70362	0.231048	-1.06639
0.0964202	-1.77077	-2.70362	0.231048	-1.06639
0.0964202	-1.77077	-2.70362	0.231048	-1.06639
0.0964202	-1.77077	-2.70362	0.231048	-1.06639
0.0964202	-1.77077	-2.70362	0.231048	-1.06639
0.0964202	-1.77077	-2.70362	0.231048	-1.06639
0.0964202	-1.77077	-2.70362	0.231048	-1.06639
0.0964202	-1.77077	-2.70362	0.231048	-1.06639
0.0964202	-1.77077	-2.70362	0.231048	-1.06639
0.0964202	-1.77077	-2.70362	0.231048	-1.06639
0.0761487	-1.77985	-2.78881	0.347416	-1.0359
0.0761487	-1.77985	-2.78881	0.347416	-1.0359
0.0761487	-1.77985	-2.78881	0.347416	-1.0359
0.0761487	-1.77985	-2.78881	0.347416	-1.0359
0.0761487	-1.77985	-2.78881	0.347416	-1.0359
0.0761487	-1.77985	-2.78881	0.347416	-1.0359
0.0761487	-1.77985	-2.78881	0.347416	-1.0359
0.0761487	-1.77985	-2.78881	0.347416	-1.0359
0.0761487	-1.77985	-2.78881	0.347416	-1.0359
0.0761487	-1.77985	-2.78881	0.347416	-1.0359
0.0432181	-1.79072	-2.8823	0.284711	-1.03635
0.0432181	-1.79072	-2.8823	0.284711	-1.03635
0.0432181	-1.79072	-2.8823	0.284711	-1.03635
0.0432181	-1.79072	-2.8823	0.284711	-1.03635
0.0432181	-1.79072	-2.8823	0.284711	-1.03635
0.0432181	-1.79072	-2.8823	0.284711	-1.03635
0.0432181	-1.79072	-2.8823	0.284711	-1.03635
0.0432181	-1.79072	-2.8823	0.284711	-1.03635
0.0432181	-1.79072	-2.8823	0.284711	-1.03635
0.0432181	-1.79072	-2.8823	0.284711	-1.03635
0.0141056	-1.79698	-2.98516	0.289747	-1.08321
0.0141056	-1.79698	-2.98516	0.289747	-1.08321
0.0141056	-1.79698	-2.98516	0.289747	-1.08321
0.0141056	-1.79698	-2.98516	0.289747	-1.08321
0.0141056	-1.79698	-2.98516	0.289747	-1.08321
0.0141056	-1.79698	-2.98516	0.289747	-1.08321
0.0141056	-1.79698	-2.98516	0.289747	-1.08321
0.0141056	-1.79698	-2.98516	0.289747	-1.08321
0.0141056	-1.79698	-2.98516	0.289747	-1.08321
0.0141056	-1.79698	-2.98516	0.289747	-1.08321
-0.0127526	-1.79987	-3.08473	0.238835	-1.01075
-0.0127526	-1.79987	-3.08473	0.238835	-1.01075
-0.0127526	-1.79987	-3.08473	0.238835	-1.01075
-0.0127526	-1.79987	-3.08473	0.238835	-1.01075
-0.0127526	-1.79987	-3.08473	0.238835	-1.01075
-0.0127526	-1.79987	-3.08473	0.238835	-1.01075
-0.0127526	-1.79987	-3.08473	0.238835	-1.01075
-0.0127526	-1.79987	-3.08473	0.238835	-1.01075
-0.0127526	-1.79987	-3.08473	0.238835	-1.01075
-0.0127526	-1.79987	-3.08473	0.238835	-1.01075
-0.031284	-1.8002	3.11983	0.21466	-0.785608
-0.031284	-1.8002	3.11983	0.21466	-0.785608
-0.031284	-1.8002	3.11983	0.21466	-0.785608
-0.031284	-1.8002	3.11983	0.21466	-0.785608
-0.031284	-1.8002	3.11983	0.21466	-0.785608
-0.031284	-1.8002	3.11983	0.21466	-0.785608
-0.031284	-1.8002	3.11983	0.21466	-0.785608
-0.031284	-1.8002	3.11983	0.21466	-0.785608
-0.031284	-1.8002	3.11983	0.21466	-0.785608
-0.031284	-1.8002	3.11983	0.21466	-0.785608
-0.0613905	-1.79787	3.0096	0.274381	-1.10475
-0.0613905	-1.79787	3.0096	0.274381	-1.10475
-0.0613905	-1.79787	3.0096	0.274381	-1.10475
-0.0613905	-1.79787	3.0096	0.274381	-1.10475
-0.0613905	-1.79787	3.0096	0.274381	-1.10475
-0.0613905	-1.79787	3.0096	0.274381	-1.10475
-0.0613905	-1.79787	3.0096	0.274381	-1.10475
-0.0613905	-1.79787	3.0096	0.274381	-1.10475
-0.0613905	-1.79787	3.0096	0.274381	-1.10475
-0.0613905	-1.79787	3.0096	0.274381	-1.10475
-0.0845984	-1.79364	2.91757	0.302671	-0.949321
-0.0845984	-1.79364	2.91757	0.302671	-0.949321
-0.0845984	-1.79364	2.91757	0.302671	-0.949321
-0.0845984	-1.79364	2.91757	0.302671	-0.949321
-0.0845984	-1.79364	2.91757	0.302671	-0.949321
-0.0845984	-1.79364	2.91757	0.302671	-0.949321
-0.0845984	-1.79364	2.91757	0.302671	-0.949321
-0.0845984	-1.79364	2.91757	0.302671	-0.949321
-0.0845984	-1.79364	2.91757	0.302671	-0.949321
-0.0845984	-1.79364	2.91757	0.302671	-0.949321
-0.112323	-1.78586	2.83511	0.210552	-0.900812
-0.112323	-1.78586	2.83511	0.210552	-0.900812
-0.112323	-1.78586	2.83511	0.210552	-0.900812
-0.112323	-1.78586	2.83511	0.210552	-0.900812
-0.112323	-1.78586	2.83511	0.210552	-0.900812
-0.112323	-1.78586	2.83511	0.210552	-0.900812
-0.112323	-1.78586	2.83511	0.210552	-0.900812
-0.112323	-1.78586	2.83511	0.210552	-0.900812
-0.112323	-1.78586	2.83511	0.210552	-0.900812
-0.112323	-1.78586	2.83511	0.210552	-0.900812
-0.134153	-1.77745	2.74915	0.251536	-1.00653
-0.134153	-1.77745	2.74915	0.251536	-1.00653
-0.134153	-1.77745	2.74915	0.251536	-1.00653
-0.134153	-1.77745	2.74915	0.251536	-1.00653
-0.134153	-1.77745	2.74915	0.251536	-1.00653
-0.134153	-1.77745	2.74915	0.251536	-1.00653
-0.134153	-1.77745	2.74915	0.251536	-1.00653
-0.134153	-1.77745	2.74915	0.251536	-1.00653
-0.134153	-1.77745	2.74915	0.251536	-1.00653
-0.134153	-1.77745	2.74915	0.251536	-1.00653
-0.154336	-1.7674	2.67701	0.198449	-0.901264
-0.154336	-1.7674	2.67701	0.198449	-0.901264
-0.154336	-1.7674	2.67701	0.198449	-0.901264
-0.154336	-1.7674	2.67701	0.198449	-0.901264
-0.154336	-1.7674	2.67701	0.198449	-0.901264
-0.154336	-1.7674	2.67701	0.198449	-0.901264
-0.154336	-1.7674	2.67701	0.198449	-0.901264
-0.154336	-1.7674	2.67701	0.198449	-0.901264
-0.154336	-1.7674	2.67701	0.198449	-0.901264
-0.154336	-1.7674	2.67701	0.198449	-0.901264
-0.173553	-1.7554	2.60176	0.251326	-1.02899
-0.173553	-1.7554	2.60176	0.251326	-1.02899
-0.173553	-1.7554	2.60176	0.251326	-1.02899
-0.173553	-1.7554	2.60176	0.251326	-1.02899
-0.173553	-1.7554	2.60176	0.251326	-1.02899
-0.173553	-1.7554	2.60176	0.251326	-1.02899
-0.173553	-1.7554	2.60176	0.251326	-1.02899
