x	y	yaw	v	w
0	0	2.03444	0	0
0	0	2.03444	0	0
0	0	2.03444	0	0
0	0	2.03444	0	0
0	0	2.03444	0	0
0	0	2.03444	0	0
0	0	2.03444	0	0
0	0	2.03444	0	0
0	0	2.03444	0	0
0	0	2.03444	0	0
0	0	2.03444	0	0
0	0	2.03444	0	0
0	0	2.03444	0	0
0	0	2.03444	0	0
0	0	2.03444	0	0
0	-1.48062	2.03448	0.25	-0.99878
0	-1.48062	2.03448	0.25	-0.99878
0	-1.48062	2.03448	0.25	-0.99878
0	-1.48062	2.03448	0.25	-0.99878
0	-1.48062	2.03448	0.25	-0.99878
0	-1.48062	2.03448	0.25	-0.99878
0	-1.48062	2.03448	0.25	-0.99878
0	-1.48062	2.03448	0.25	-0.99878
0	-1.48062	2.03448	0.25	-0.99878
0	-1.48062	2.03448	0.25	-0.99878
0.0218875	-1.48103	-2.03464	0.238909	-0.873154
0.0218875	-1.48103	-2.03464	0.238909	-0.873154
0.0218875	-1.48103	-2.03464	0.238909	-0.873154
0.0218875	-1.48103	-2.03464	0.238909	-0.873154
0.0218875	-1.48103	-2.03464	0.238909	-0.873154
0.0218875	-1.48103	-2.03464	0.238909	-0.873154
0.0218875	-1.48103	-2.03464	0.238909	-0.873154
0.0218875	-1.48103	-2.03464	0.238909	-0.873154
0.0218875	-1.48103	-2.03464	0.238909	-0.873154
0.0218875	-1.48103	-2.03464	0.238909	-0.873154
0.051938	-1.4846	-2.03598	0.242312	-1.10999
0.051938	-1.4846	-2.03598	0.242312	-1.10999
0.051938	-1.4846	-2.03598	0.242312	-1.10999
0.051938	-1.4846	-2.03598	0.242312	-1.10999
0.051938	-1.4846	-2.03598	0.242312	-1.10999
0.051938	-1.4846	-2.03598	0.242312	-1.10999
0.051938	-1.4846	-2.03598	0.242312	-1.10999
0.051938	-1.4846	-2.03598	0.242312	-1.10999
0.051938	-1.4846	-2.03598	0.242312	-1.10999
0.051938	-1.4846	-2.03598	0.242312	-1.10999
0.0733812	-1.48951	-2.03825	0.257112	-1.01001
0.0733812	-1.48951	-2.03825	0.257112	-1.01001
0.0733812	-1.48951	-2.03825	0.257112	-1.01001
0.0733812	-1.48951	-2.03825	0.257112	-1.01001
0.0733812	-1.48951	-2.03825	0.257112	-1.01001
0.0733812	-1.48951	-2.03825	0.257112	-1.01001
0.0733812	-1.48951	-2.03825	0.257112	-1.01001
0.0733812	-1.48951	-2.03825	0.257112	-1.01001
0.0733812	-1.48951	-2.03825	0.257112	-1.01001
0.0733812	-1.48951	-2.03825	0.257112	-1.01001
0.0962464	-1.49715	-2.04135	0.251531	-0.947972
0.0962464	-1.49715	-2.04135	0.251531	-0.947972
0.0962464	-1.49715	-2.04135	0.251531	-0.947972
0.0962464	-1.49715	-2.04135	0.251531	-0.947972
0.0962464	-1.49715	-2.04135	0.251531	-0.947972
0.0962464	-1.49715	-2.04135	0.251531	-0.947972
0.0962464	-1.49715	-2.04135	0.251531	-0.947972
0.0962464	-1.49715	-2.04135	0.251531	-0.947972
0.0962464	-1.49715	-2.04135	0.251531	-0.947972
0.0962464	-1.49715	-2.04135	0.251531	-0.947972
0.125828	-1.51076	-2.0468	0.244639	-1.22739
0.125828	-1.51076	-2.0468	0.244639	-1.22739
0.125828	-1.51076	-2.0468	0.244639	-1.22739
0.125828	-1.51076	-2.0468	0.244639	-1.22739
0.125828	-1.51076	-2.0468	0.244639	-1.22739
0.125828	-1.51076	-2.0468	0.244639	-1.22739
0.125828	-1.51076	-2.0468	0.244639	-1.22739
0.125828	-1.51076	-2.0468	0.244639	-1.22739
0.125828	-1.51076	-2.0468	0.244639	-1.22739
0.125828	-1.51076	-2.0468	0.244639	-1.22739
0.142994	-1.52111	-2.05253	0.257046	-1.00889
0.142994	-1.52111	-2.05253	0.257046	-1.00889
0.142994	-1.52111	-2.05253	0.257046	-1.00889
0.142994	-1.52111	-2.05253	0.257046	-1.00889
0.142994	-1.52111	-2.05253	0.257046	-1.00889
0.142994	-1.52111	-2.05253	0.257046	-1.00889
0.142994	-1.52111	-2.05253	0.257046	-1.00889
0.142994	-1.52111	-2.05253	0.257046	-1.00889
0.142994	-1.52111	-2.05253	0.257046	-1.00889
0.142994	-1.52111	-2.05253	0.257046	-1.00889
0.162103	-1.53533	-2.05893	0.247851	-0.934242
0.162103	-1.53533	-2.05893	0.247851	-0.934242
0.162103	-1.53533	-2.05893	0.247851	-0.934242
0.162103	-1.53533	-2.05893	0.247851	-0.934242
0.162103	-1.53533	-2.05893	0.247851	-0.934242
0.162103	-1.53533	-2.05893	0.247851	-0.934242
0.162103	-1.53533	-2.05893	0.247851	-0.934242
0.162103	-1.53533	-2.05893	0.247851	-0.934242
0.162103	-1.53533	-2.05893	0.247851	-0.934242
0.162103	-1.53533	-2.05893	0.247851	-0.934242
0.183253	-1.55467	-2.06764	0.238362	-1.08117
0.183253	-1.55467	-2.06764	0.238362	-1.08117
0.183253	-1.55467	-2.06764	0.238362	-1.08117
0.183253	-1.55467	-2.06764	0.238362	-1.08117
0.183253	-1.55467	-2.06764	0.238362	-1.08117
0.183253	-1.55467	-2.06764	0.238362	-1.08117
0.183253	-1.55467	-2.06764	0.238362	-1.08117
0.183253	-1.55467	-2.06764	0.238362	-1.08117
0.183253	-1.55467	-2.06764	0.238362	-1.08117
0.183253	-1.55467	-2.06764	0.238362	-1.08117
0.195566	-1.5683	-2.07546	0.246698	-0.830951
0.195566	-1.5683	-2.07546	0.246698	-0.830951
0.195566	-1.5683	-2.07546	0.246698	-0.830951
0.195566	-1.5683	-2.07546	0.246698	-0.830951
0.195566	-1.5683	-2.07546	0.246698	-0.830951
0.195566	-1.5683	-2.07546	0.246698	-0.830951
0.195566	-1.5683	-2.07546	0.246698	-0.830951
0.195566	-1.5683	-2.07546	0.246698	-0.830951
0.195566	-1.5683	-2.07546	0.246698	-0.830951
0.195566	-1.5683	-2.07546	0.246698	-0.830951
0.213465	-1.59222	-2.08604	0.24706	-1.00942
0.213465	-1.59222	-2.08604	0.24706	-1.00942
0.213465	-1.59222	-2.08604	0.24706	-1.00942
0.213465	-1.59222	-2.08604	0.24706	-1.00942
0.213465	-1.59222	-2.08604	0.24706	-1.00942
0.213465	-1.59222	-2.08604	0.24706	-1.00942
0.213465	-1.59222	-2.08604	0.24706	-1.00942
0.213465	-1.59222	-2.08604	0.24706	-1.00942
0.213465	-1.59222	-2.08604	0.24706	-1.00942
0.213465	-1.59222	-2.08604	0.24706	-1.00942
0.225525	-1.61206	-2.09756	0.247404	-0.948394
0.225525	-1.61206	-2.09756	0.247404	-0.948394
0.225525	-1.61206	-2.09756	0.247404	-0.948394
0.225525	-1.61206	-2.09756	0.247404	-0.948394
0.225525	-1.61206	-2.09756	0.247404	-0.948394
0.225525	-1.61206	-2.09756	0.247404	-0.948394
0.225525	-1.61206	-2.09756	0.247404	-0.948394
0.225525	-1.61206	-2.09756	0.247404	-0.948394
0.225525	-1.61206	-2.09756	0.247404	-0.948394
0.225525	-1.61206	-2.09756	0.247404	-0.948394
0.235734	-1.63298	-2.10985	0.252178	-0.890635
0.235734	-1.63298	-2.10985	0.252178	-0.890635
0.235734	-1.63298	-2.10985	0.252178	-0.890635
0.235734	-1.63298	-2.10985	0.252178	-0.890635
0.235734	-1.63298	-2.10985	0.252178	-0.890635
0.235734	-1.63298	-2.10985	0.252178	-0.890635
0.235734	-1.63298	-2.10985	0.252178	-0.890635
0.235734	-1.63298	-2.10985	0.252178	-0.890635
0.235734	-1.63298	-2.10985	0.252178	-0.890635
0.235734	-1.63298	-2.10985	0.252178	-0.890635
0.244947	-1.65723	-2.12398	0.252068	-0.915951
0.244947	-1.65723	-2.12398	0.252068	-0.915951
0.244947	-1.65723	-2.12398	0.252068	-0.915951
0.244947	-1.65723	-2.12398	0.252068	-0.915951
0.244947	-1.65723	-2.12398	0.252068	-0.915951
0.244947	-1.65723	-2.12398	0.252068	-0.915951
0.244947	-1.65723	-2.12398	0.252068	-0.915951
0.244947	-1.65723	-2.12398	0.252068	-0.915951
0.244947	-1.65723	-2.12398	0.252068	-0.915951
0.244947	-1.65723	-2.12398	0.252068	-0.915951
0.253291	-1.68899	-2.14501	0.23752	-1.19816
0.253291	-1.68899	-2.14501	0.23752	-1.19816
0.253291	-1.68899	-2.14501	0.23752	-1.19816
0.253291	-1.68899	-2.14501	0.23752	-1.19816
0.253291	-1.68899	-2.14501	0.23752	-1.19816
0.253291	-1.68899	-2.14501	0.23752	-1.19816
0.253291	-1.68899	-2.14501	0.23752	-1.19816
0.253291	-1.68899	-2.14501	0.23752	-1.19816
0.253291	-1.68899	-2.14501	0.23752	-1.19816
0.253291	-1.68899	-2.14501	0.23752	-1.19816
0.255947	-1.70638	-2.16249	0.25278	-0.885945
0.255947	-1.70638	-2.16249	0.25278	-0.885945
0.255947	-1.70638	-2.16249	0.25278	-0.885945
0.255947	-1.70638	-2.16249	0.25278	-0.885945
0.255947	-1.70638	-2.16249	0.25278	-0.885945
0.255947	-1.70638	-2.16249	0.25278	-0.885945
0.255947	-1.70638	-2.16249	0.25278	-0.885945
0.255947	-1.70638	-2.16249	0.25278	-0.885945
0.255947	-1.70638	-2.16249	0.25278	-0.885945
0.255947	-1.70638	-2.16249	0.25278	-0.885945
0.25759	-1.73733	-2.18674	0.234287	-1.0857
0.25759	-1.73733	-2.18674	0.234287	-1.0857
0.25759	-1.73733	-2.18674	0.234287	-1.0857
0.25759	-1.73733	-2.18674	0.234287	-1.0857
0.25759	-1.73733	-2.18674	0.234287	-1.0857
0.25759	-1.73733	-2.18674	0.234287	-1.0857
0.25759	-1.73733	-2.18674	0.234287	-1.0857
0.25759	-1.73733	-2.18674	0.234287	-1.0857
0.25759	-1.73733	-2.18674	0.234287	-1.0857
0.25759	-1.73733	-2.18674	0.234287	-1.0857
0.256486	-1.75871	-2.21179	0.254284	-0.992965
0.256486	-1.75871	-2.21179	0.254284	-0.992965
0.256486	-1.75871	-2.21179	0.254284	-0.992965
0.256486	-1.75871	-2.21179	0.254284	-0.992965
0.256486	-1.75871	-2.21179	0.254284	-0.992965
0.256486	-1.75871	-2.21179	0.254284	-0.992965
0.256486	-1.75871	-2.21179	0.254284	-0.992965
0.256486	-1.75871	-2.21179	0.254284	-0.992965
0.256486	-1.75871	-2.21179	0.254284	-0.992965
0.256486	-1.75871	-2.21179	0.254284	-0.992965
0.253209	-1.781	-2.2363	0.251183	-0.88184
0.253209	-1.781	-2.2363	0.251183	-0.88184
0.253209	-1.781	-2.2363	0.251183	-0.88184
0.253209	-1.781	-2.2363	0.251183	-0.88184
0.253209	-1.781	-2.2363	0.251183	-0.88184
0.253209	-1.781	-2.2363	0.251183	-0.88184
0.253209	-1.781	-2.2363	0.251183	-0.88184
0.253209	-1.781	-2.2363	0.251183	-0.88184
0.253209	-1.781	-2.2363	0.251183	-0.88184
0.253209	-1.781	-2.2363	0.251183	-0.88184
0.24598	-1.81022	-2.26905	0.251694	-1.05427
0.24598	-1.81022	-2.26905	0.251694	-1.05427
0.24598	-1.81022	-2.26905	0.251694	-1.05427
0.24598	-1.81022	-2.26905	0.251694	-1.05427
0.24598	-1.81022	-2.26905	0.251694	-1.05427
0.24598	-1.81022	-2.26905	0.251694	-1.05427
0.24598	-1.81022	-2.26905	0.251694	-1.05427
0.24598	-1.81022	-2.26905	0.251694	-1.05427
0.24598	-1.81022	-2.26905	0.251694	-1.05427
0.24598	-1.81022	-2.26905	0.251694	-1.05427
0.238463	-1.83137	-2.30211	0.24583	-0.944039
0.238463	-1.83137	-2.30211	0.24583	-0.944039
0.238463	-1.83137	-2.30211	0.24583	-0.944039
0.238463	-1.83137	-2.30211	0.24583	-0.944039
0.238463	-1.83137	-2.30211	0.24583	-0.944039
0.238463	-1.83137	-2.30211	0.24583	-0.944039
0.238463	-1.83137	-2.30211	0.24583	-0.944039
0.238463	-1.83137	-2.30211	0.24583	-0.944039
0.238463	-1.83137	-2.30211	0.24583	-0.944039
0.238463	-1.83137	-2.30211	0.24583	-0.944039
0.228959	-1.85197	-2.33592	0.242891	-0.869477
0.228959	-1.85197	-2.33592	0.242891	-0.869477
0.228959	-1.85197	-2.33592	0.242891	-0.869477
0.228959	-1.85197	-2.33592	0.242891	-0.869477
0.228959	-1.85197	-2.33592	0.242891	-0.869477
0.228959	-1.85197	-2.33592	0.242891	-0.869477
0.228959	-1.85197	-2.33592	0.242891	-0.869477
0.228959	-1.85197	-2.33592	0.242891	-0.869477
0.228959	-1.85197	-2.33592	0.242891	-0.869477
0.228959	-1.85197	-2.33592	0.242891	-0.869477
0.214744	-1.87645	-2.37957	0.244166	-1.01488
0.214744	-1.87645	-2.37957	0.244166	-1.01488
0.214744	-1.87645	-2.37957	0.244166	-1.01488
0.214744	-1.87645	-2.37957	0.244166	-1.01488
0.214744	-1.87645	-2.37957	0.244166	-1.01488
0.214744	-1.87645	-2.37957	0.244166	-1.01488
0.214744	-1.87645	-2.37957	0.244166	-1.01488
0.214744	-1.87645	-2.37957	0.244166	-1.01488
0.214744	-1.87645	-2.37957	0.244166	-1.01488
0.214744	-1.87645	-2.37957	0.244166	-1.01488
0.202805	-1.89322	-2.42095	0.25243	-0.853116
0.202805	-1.89322	-2.42095	0.25243	-0.853116
0.202805	-1.89322	-2.42095	0.25243	-0.853116
0.202805	-1.89322	-2.42095	0.25243	-0.853116
0.202805	-1.89322	-2.42095	0.25243	-0.853116
0.202805	-1.89322	-2.42095	0.25243	-0.853116
0.202805	-1.89322	-2.42095	0.25243	-0.853116
0.202805	-1.89322	-2.42095	0.25243	-0.853116
0.202805	-1.89322	-2.42095	0.25243	-0.853116
0.202805	-1.89322	-2.42095	0.25243	-0.853116
0.180797	-1.9184	-2.482	0.247171	-1.12901
0.180797	-1.9184	-2.482	0.247171	-1.12901
0.180797	-1.9184	-2.482	0.247171	-1.12901
0.180797	-1.9184	-2.482	0.247171	-1.12901
0.180797	-1.9184	-2.482	0.247171	-1.12901
0.180797	-1.9184	-2.482	0.247171	-1.12901
0.180797	-1.9184	-2.482	0.247171	-1.12901
0.180797	-1.9184	-2.482	0.247171	-1.12901
0.180797	-1.9184	-2.482	0.247171	-1.12901
0.180797	-1.9184	-2.482	0.247171	-1.12901
0.162743	-1.9349	-2.55014	0.258992	-1.12287
0.162743	-1.9349	-2.55014	0.258992	-1.12287
0.162743	-1.9349	-2.55014	0.258992	-1.12287
0.162743	-1.9349	-2.55014	0.258992	-1.12287
0.162743	-1.9349	-2.55014	0.258992	-1.12287
0.162743	-1.9349	-2.55014	0.258992	-1.12287
0.162743	-1.9349	-2.55014	0.258992	-1.12287
0.162743	-1.9349	-2.55014	0.258992	-1.12287
0.162743	-1.9349	-2.55014	0.258992	-1.12287
0.162743	-1.9349	-2.55014	0.258992	-1.12287
0.144701	-1.94823	-2.61585	0.251745	-0.971538
0.144701	-1.94823	-2.61585	0.251745	-0.971538
0.144701	-1.94823	-2.61585	0.251745	-0.971538
0.144701	-1.94823	-2.61585	0.251745	-0.971538
0.144701	-1.94823	-2.61585	0.251745	-0.971538
0.144701	-1.94823	-2.61585	0.251745	-0.971538
0.144701	-1.94823	-2.61585	0.251745	-0.971538
0.144701	-1.94823	-2.61585	0.251745	-0.971538
0.144701	-1.94823	-2.61585	0.251745	-0.971538
0.144701	-1.94823	-2.61585	0.251745	-0.971538
0.120943	-1.96232	-2.69567	0.24807	-1.06479
0.120943	-1.96232	-2.69567	0.24807	-1.06479
0.120943	-1.96232	-2.69567	0.24807	-1.06479
0.120943	-1.96232	-2.69567	0.24807	-1.06479
0.120943	-1.96232	-2.69567	0.24807	-1.06479
0.120943	-1.96232	-2.69567	0.24807	-1.06479
0.120943	-1.96232	-2.69567	0.24807	-1.06479
0.120943	-1.96232	-2.69567	0.24807	-1.06479
0.120943	-1.96232	-2.69567	0.24807	-1.06479
0.120943	-1.96232	-2.69567	0.24807	-1.06479
0.0989626	-1.97243	-2.78127	0.259524	-1.04021
0.0989626	-1.97243	-2.78127	0.259524	-1.04021
0.0989626	-1.97243	-2.78127	0.259524	-1.04021
0.0989626	-1.97243	-2.78127	0.259524	-1.04021
0.0989626	-1.97243	-2.78127	0.259524	-1.04021
0.0989626	-1.97243	-2.78127	0.259524	-1.04021
0.0989626	-1.97243	-2.78127	0.259524	-1.04021
0.0989626	-1.97243	-2.78127	0.259524	-1.04021
0.0989626	-1.97243	-2.78127	0.259524	-1.04021
0.0989626	-1.97243	-2.78127	0.259524	-1.04021
0.0743658	-1.98077	-2.87493	0.253936	-1.03805
0.0743658	-1.98077	-2.87493	0.253936	-1.03805
0.0743658	-1.98077	-2.87493	0.253936	-1.03805
0.0743658	-1.98077	-2.87493	0.253936	-1.03805
0.0743658	-1.98077	-2.87493	0.253936	-1.03805
0.0743658	-1.98077	-2.87493	0.253936	-1.03805
0.0743658	-1.98077	-2.87493	0.253936	-1.03805
0.0743658	-1.98077	-2.87493	0.253936	-1.03805
0.0743658	-1.98077	-2.87493	0.253936	-1.03805
0.0743658	-1.98077	-2.87493	0.253936	-1.03805
0.0485036	-1.98655	-2.97733	0.254146	-1.08737
0.0485036	-1.98655	-2.97733	0.254146	-1.08737
0.0485036	-1.98655	-2.97733	0.254146	-1.08737
0.0485036	-1.98655	-2.97733	0.254146	-1.08737
0.0485036	-1.98655	-2.97733	0.254146	-1.08737
0.0485036	-1.98655	-2.97733	0.254146	-1.08737
0.0485036	-1.98655	-2.97733	0.254146	-1.08737
0.0485036	-1.98655	-2.97733	0.254146	-1.08737
0.0485036	-1.98655	-2.97733	0.254146	-1.08737
0.0485036	-1.98655	-2.97733	0.254146	-1.08737
0.0251382	-1.98926	-3.07635	0.248828	-1.01068
0.0251382	-1.98926	-3.07635	0.248828	-1.01068
0.0251382	-1.98926	-3.07635	0.248828	-1.01068
0.0251382	-1.98926	-3.07635	0.248828	-1.01068
0.0251382	-1.98926	-3.07635	0.248828	-1.01068
0.0251382	-1.98926	-3.07635	0.248828	-1.01068
0.0251382	-1.98926	-3.07635	0.248828	-1.01068
0.0251382	-1.98926	-3.07635	0.248828	-1.01068
0.0251382	-1.98926	-3.07635	0.248828	-1.01068
0.0251382	-1.98926	-3.07635	0.248828	-1.01068
0.00557349	-1.98976	3.12719	0.246512	-0.794206
0.00557349	-1.98976	3.12719	0.246512	-0.794206
0.00557349	-1.98976	3.12719	0.246512	-0.794206
0.00557349	-1.98976	3.12719	0.246512	-0.794206
0.00557349	-1.98976	3.12719	0.246512	-0.794206
0.00557349	-1.98976	3.12719	0.246512	-0.794206
0.00557349	-1.98976	3.12719	0.246512	-0.794206
0.00557349	-1.98976	3.12719	0.246512	-0.794206
0.00557349	-1.98976	3.12719	0.246512	-0.794206
0.00557349	-1.98976	3.12719	0.246512	-0.794206
-0.0288956	-1.98734	3.01601	0.252339	-1.11103
-0.0288956	-1.98734	3.01601	0.252339	-1.11103
-0.0288956	-1.98734	3.01601	0.252339	-1.11103
-0.0288956	-1.98734	3.01601	0.252339	-1.11103
-0.0288956	-1.98734	3.01601	0.252339	-1.11103
-0.0288956	-1.98734	3.01601	0.252339	-1.11103
-0.0288956	-1.98734	3.01601	0.252339	-1.11103
-0.0288956	-1.98734	3.01601	0.252339	-1.11103
-0.0288956	-1.98734	3.01601	0.252339	-1.11103
-0.0288956	-1.98734	3.01601	0.252339	-1.11103
-0.0500416	-1.98363	2.92415	0.255447	-0.94594
-0.0500416	-1.98363	2.92415	0.255447	-0.94594
-0.0500416	-1.98363	2.92415	0.255447	-0.94594
-0.0500416	-1.98363	2.92415	0.255447	-0.94594
-0.0500416	-1.98363	2.92415	0.255447	-0.94594
-0.0500416	-1.98363	2.92415	0.255447	-0.94594
-0.0500416	-1.98363	2.92415	0.255447	-0.94594
-0.0500416	-1.98363	2.92415	0.255447	-0.94594
-0.0500416	-1.98363	2.92415	0.255447	-0.94594
-0.0500416	-1.98363	2.92415	0.255447	-0.94594
-0.0736745	-1.97717	2.84096	0.245788	-0.905997
-0.0736745	-1.97717	2.84096	0.245788	-0.905997
-0.0736745	-1.97717	2.84096	0.245788	-0.905997
-0.0736745	-1.97717	2.84096	0.245788	-0.905997
-0.0736745	-1.97717	2.84096	0.245788	-0.905997
-0.0736745	-1.97717	2.84096	0.245788	-0.905997
-0.0736745	-1.97717	2.84096	0.245788	-0.905997
-0.0736745	-1.97717	2.84096	0.245788	-0.905997
-0.0736745	-1.97717	2.84096	0.245788	-0.905997
-0.0736745	-1.97717	2.84096	0.245788	-0.905997
-0.0991526	-1.96754	2.75434	0.250147	-1.0066
-0.0991526	-1.96754	2.75434	0.250147	-1.0066
-0.0991526	-1.96754	2.75434	0.250147	-1.0066
-0.0991526	-1.96754	2.75434	0.250147	-1.0066
-0.0991526	-1.96754	2.75434	0.250147	-1.0066
-0.0991526	-1.96754	2.75434	0.250147	-1.0066
-0.0991526	-1.96754	2.75434	0.250147	-1.0066
