x	y	yaw	v	w
0	0	2.03444	0	0
0	0	2.03444	0	0
0	0	2.03444	0	0
0	0	2.03444	0	0
0	-2.69109	-2.03473	0.25	1.00122
0	-2.69109	-2.03473	0.25	1.00122
0	-2.69109	-2.03473	0.25	1.00122
0	-2.69109	-2.03473	0.25	1.00122
0	-2.69109	-2.03473	0.25	1.00122
0	-2.69109	-2.03473	0.25	1.00122
0	-2.69109	-2.03473	0.25	1.00122
0	-2.69109	-2.03473	0.25	1.00122
0	-2.69109	-2.03473	0.25	1.00122
0	-2.69109	-2.03473	0.25	1.00122
0.0197017	-2.69181	2.03444	0.268533	0.788039
0.0197017	-2.69181	2.03444	0.268533	0.788039
0.0197017	-2.69181	2.03444	0.268533	0.788039
0.0197017	-2.69181	2.03444	0.268533	0.788039
0.0197017	-2.69181	2.03444	0.268533	0.788039
0.0197017	-2.69181	2.03444	0.268533	0.788039
0.0197017	-2.69181	2.03444	0.268533	0.788039
0.0197017	-2.69181	2.03444	0.268533	0.788039
0.0197017	-2.69181	2.03444	0.268533	0.788039
0.0197017	-2.69181	2.03444	0.268533	0.788039
0.0598823	-2.68928	2.03521	0.262807	1.18322
0.0598823	-2.68928	2.03521	0.262807	1.18322
0.0598823	-2.68928	2.03521	0.262807	1.18322
0.0598823	-2.68928	2.03521	0.262807	1.18322
0.0598823	-2.68928	2.03521	0.262807	1.18322
0.0598823	-2.68928	2.03521	0.262807	1.18322
0.0598823	-2.68928	2.03521	0.262807	1.18322
0.0598823	-2.68928	2.03521	0.262807	1.18322
0.0598823	-2.68928	2.03521	0.262807	1.18322
0.0598823	-2.68928	2.03521	0.262807	1.18322
0.0820823	-2.68536	2.03697	0.238148	1.01669
0.0820823	-2.68536	2.03697	0.238148	1.01669
0.0820823	-2.68536	2.03697	0.238148	1.01669
0.0820823	-2.68536	2.03697	0.238148	1.01669
0.0820823	-2.68536	2.03697	0.238148	1.01669
0.0820823	-2.68536	2.03697	0.238148	1.01669
0.0820823	-2.68536	2.03697	0.238148	1.01669
0.0820823	-2.68536	2.03697	0.238148	1.01669
0.0820823	-2.68536	2.03697	0.238148	1.01669
0.0820823	-2.68536	2.03697	0.238148	1.01669
0.102731	-2.67964	2.03948	0.247449	0.913287
0.102731	-2.67964	2.03948	0.247449	0.913287
0.102731	-2.67964	2.03948	0.247449	0.913287
0.102731	-2.67964	2.03948	0.247449	0.913287
0.102731	-2.67964	2.03948	0.247449	0.913287
0.102731	-2.67964	2.03948	0.247449	0.913287
0.102731	-2.67964	2.03948	0.247449	0.913287
0.102731	-2.67964	2.03948	0.247449	0.913287
0.102731	-2.67964	2.03948	0.247449	0.913287
0.102731	-2.67964	2.03948	0.247449	0.913287
0.137216	-2.66568	2.04489	0.258936	1.37899
0.137216	-2.66568	2.04489	0.258936	1.37899
0.137216	-2.66568	2.04489	0.258936	1.37899
0.137216	-2.66568	2.04489	0.258936	1.37899
0.137216	-2.66568	2.04489	0.258936	1.37899
0.137216	-2.66568	2.04489	0.258936	1.37899
0.137216	-2.66568	2.04489	0.258936	1.37899
0.137216	-2.66568	2.04489	0.258936	1.37899
0.137216	-2.66568	2.04489	0.258936	1.37899
0.137216	-2.66568	2.04489	0.258936	1.37899
0.153919	-2.65647	2.05022	0.238257	1.01481
0.153919	-2.65647	2.05022	0.238257	1.01481
0.153919	-2.65647	2.05022	0.238257	1.01481
0.153919	-2.65647	2.05022	0.238257	1.01481
0.153919	-2.65647	2.05022	0.238257	1.01481
0.153919	-2.65647	2.05022	0.238257	1.01481
0.153919	-2.65647	2.05022	0.238257	1.01481
0.153919	-2.65647	2.05022	0.238257	1.01481
0.153919	-2.65647	2.05022	0.238257	1.01481
0.153919	-2.65647	2.05022	0.238257	1.01481
0.171186	-2.64467	2.05589	0.253582	0.890403
0.171186	-2.64467	2.05589	0.253582	0.890403
0.171186	-2.64467	2.05589	0.253582	0.890403
0.171186	-2.64467	2.05589	0.253582	0.890403
0.171186	-2.64467	2.05589	0.253582	0.890403
0.171186	-2.64467	2.05589	0.253582	0.890403
0.171186	-2.64467	2.05589	0.253582	0.890403
0.171186	-2.64467	2.05589	0.253582	0.890403
0.171186	-2.64467	2.05589	0.253582	0.890403
0.171186	-2.64467	2.05589	0.253582	0.890403
0.195861	-2.62385	2.06445	0.269396	1.13528
0.195861	-2.62385	2.06445	0.269396	1.13528
0.195861	-2.62385	2.06445	0.269396	1.13528
0.195861	-2.62385	2.06445	0.269396	1.13528
0.195861	-2.62385	2.06445	0.269396	1.13528
0.195861	-2.62385	2.06445	0.269396	1.13528
0.195861	-2.62385	2.06445	0.269396	1.13528
0.195861	-2.62385	2.06445	0.269396	1.13528
0.195861	-2.62385	2.06445	0.269396	1.13528
0.195861	-2.62385	2.06445	0.269396	1.13528
0.207842	-2.61169	2.0708	0.255503	0.718252
0.207842	-2.61169	2.0708	0.255503	0.718252
0.207842	-2.61169	2.0708	0.255503	0.718252
0.207842	-2.61169	2.0708	0.255503	0.718252
0.207842	-2.61169	2.0708	0.255503	0.718252
0.207842	-2.61169	2.0708	0.255503	0.718252
0.207842	-2.61169	2.0708	0.255503	0.718252
0.207842	-2.61169	2.0708	0.255503	0.718252
0.207842	-2.61169	2.0708	0.255503	0.718252
0.207842	-2.61169	2.0708	0.255503	0.718252
0.207842	-2.61169	2.0708	0.255503	0.718252
0.232899	-2.58106	2.0817	0.2549	1.01571
0.232899	-2.58106	2.0817	0.2549	1.01571
0.232899	-2.58106	2.0817	0.2549	1.01571
0.232899	-2.58106	2.0817	0.2549	1.01571
0.232899	-2.58106	2.0817	0.2549	1.01571
0.232899	-2.58106	2.0817	0.2549	1.01571
0.232899	-2.58106	2.0817	0.2549	1.01571
0.232899	-2.58106	2.0817	0.2549	1.01571
0.232899	-2.58106	2.0817	0.2549	1.01571
0.24444	-2.56387	2.09113	0.254326	0.91399
0.24444	-2.56387	2.09113	0.254326	0.91399
0.24444	-2.56387	2.09113	0.254326	0.91399
0.24444	-2.56387	2.09113	0.254326	0.91399
0.24444	-2.56387	2.09113	0.254326	0.91399
0.24444	-2.56387	2.09113	0.254326	0.91399
0.24444	-2.56387	2.09113	0.254326	0.91399
0.24444	-2.56387	2.09113	0.254326	0.91399
0.24444	-2.56387	2.09113	0.254326	0.91399
0.24444	-2.56387	2.09113	0.254326	0.91399
0.24444	-2.56387	2.09113	0.254326	0.91399
0.256495	-2.54209	2.10273	0.24637	0.817725
0.256495	-2.54209	2.10273	0.24637	0.817725
0.256495	-2.54209	2.10273	0.24637	0.817725
0.256495	-2.54209	2.10273	0.24637	0.817725
0.256495	-2.54209	2.10273	0.24637	0.817725
0.256495	-2.54209	2.10273	0.24637	0.817725
0.256495	-2.54209	2.10273	0.24637	0.817725
0.256495	-2.54209	2.10273	0.24637	0.817725
0.256495	-2.54209	2.10273	0.24637	0.817725
0.256495	-2.54209	2.10273	0.24637	0.817725
0.267035	-2.51825	2.11528	0.246554	0.859918
0.267035	-2.51825	2.11528	0.246554	0.859918
0.267035	-2.51825	2.11528	0.246554	0.859918
0.267035	-2.51825	2.11528	0.246554	0.859918
0.267035	-2.51825	2.11528	0.246554	0.859918
0.267035	-2.51825	2.11528	0.246554	0.859918
0.267035	-2.51825	2.11528	0.246554	0.859918
0.267035	-2.51825	2.11528	0.246554	0.859918
0.267035	-2.51825	2.11528	0.246554	0.859918
0.267035	-2.51825	2.11528	0.246554	0.859918
0.278471	-2.48204	2.13742	0.2708	1.33027
0.278471	-2.48204	2.13742	0.2708	1.33027
0.278471	-2.48204	2.13742	0.2708	1.33027
0.278471	-2.48204	2.13742	0.2708	1.33027
0.278471	-2.48204	2.13742	0.2708	1.33027
0.278471	-2.48204	2.13742	0.2708	1.33027
0.278471	-2.48204	2.13742	0.2708	1.33027
0.278471	-2.48204	2.13742	0.2708	1.33027
0.278471	-2.48204	2.13742	0.2708	1.33027
0.278471	-2.48204	2.13742	0.2708	1.33027
0.281695	-2.46589	2.15249	0.245366	0.809908
0.281695	-2.46589	2.15249	0.245366	0.809908
0.281695	-2.46589	2.15249	0.245366	0.809908
0.281695	-2.46589	2.15249	0.245366	0.809908
0.281695	-2.46589	2.15249	0.245366	0.809908
0.281695	-2.46589	2.15249	0.245366	0.809908
0.281695	-2.46589	2.15249	0.245366	0.809908
0.281695	-2.46589	2.15249	0.245366	0.809908
0.281695	-2.46589	2.15249	0.245366	0.809908
0.28498	-2.43482	2.17422	0.276189	1.14283
0.28498	-2.43482	2.17422	0.276189	1.14283
0.28498	-2.43482	2.17422	0.276189	1.14283
0.28498	-2.43482	2.17422	0.276189	1.14283
0.28498	-2.43482	2.17422	0.276189	1.14283
0.28498	-2.43482	2.17422	0.276189	1.14283
0.28498	-2.43482	2.17422	0.276189	1.14283
0.28498	-2.43482	2.17422	0.276189	1.14283
0.28498	-2.43482	2.17422	0.276189	1.14283
0.28498	-2.43482	2.17422	0.276189	1.14283
0.285059	-2.41095	2.19773	0.24286	0.988276
0.285059	-2.41095	2.19773	0.24286	0.988276
0.285059	-2.41095	2.19773	0.24286	0.988276
0.285059	-2.41095	2.19773	0.24286	0.988276
0.285059	-2.41095	2.19773	0.24286	0.988276
0.285059	-2.41095	2.19773	0.24286	0.988276
0.285059	-2.41095	2.19773	0.24286	0.988276
0.285059	-2.41095	2.19773	0.24286	0.988276
0.285059	-2.41095	2.19773	0.24286	0.988276
0.285059	-2.41095	2.19773	0.24286	0.988276
0.283338	-2.39131	2.21856	0.248029	0.803067
0.283338	-2.39131	2.21856	0.248029	0.803067
0.283338	-2.39131	2.21856	0.248029	0.803067
0.283338	-2.39131	2.21856	0.248029	0.803067
0.283338	-2.39131	2.21856	0.248029	0.803067
0.283338	-2.39131	2.21856	0.248029	0.803067
0.283338	-2.39131	2.21856	0.248029	0.803067
0.283338	-2.39131	2.21856	0.248029	0.803067
0.283338	-2.39131	2.21856	0.248029	0.803067
0.283338	-2.39131	2.21856	0.248029	0.803067
0.277218	-2.35803	2.25002	0.247177	1.09045
0.277218	-2.35803	2.25002	0.247177	1.09045
0.277218	-2.35803	2.25002	0.247177	1.09045
0.277218	-2.35803	2.25002	0.247177	1.09045
0.277218	-2.35803	2.25002	0.247177	1.09045
0.277218	-2.35803	2.25002	0.247177	1.09045
0.277218	-2.35803	2.25002	0.247177	1.09045
0.277218	-2.35803	2.25002	0.247177	1.09045
0.277218	-2.35803	2.25002	0.247177	1.09045
0.277218	-2.35803	2.25002	0.247177	1.09045
0.27157	-2.3384	2.27956	0.25695	0.906731
0.27157	-2.3384	2.27956	0.25695	0.906731
0.27157	-2.3384	2.27956	0.25695	0.906731
0.27157	-2.3384	2.27956	0.25695	0.906731
0.27157	-2.3384	2.27956	0.25695	0.906731
0.27157	-2.3384	2.27956	0.25695	0.906731
0.27157	-2.3384	2.27956	0.25695	0.906731
0.27157	-2.3384	2.27956	0.25695	0.906731
0.27157	-2.3384	2.27956	0.25695	0.906731
0.27157	-2.3384	2.27956	0.25695	0.906731
0.27157	-2.3384	2.27956	0.25695	0.906731
0.262778	-2.31564	2.31047	0.261848	0.782462
0.262778	-2.31564	2.31047	0.261848	0.782462
0.262778	-2.31564	2.31047	0.261848	0.782462
0.262778	-2.31564	2.31047	0.261848	0.782462
0.262778	-2.31564	2.31047	0.261848	0.782462
0.262778	-2.31564	2.31047	0.261848	0.782462
0.262778	-2.31564	2.31047	0.261848	0.782462
0.262778	-2.31564	2.31047	0.261848	0.782462
0.262778	-2.31564	2.31047	0.261848	0.782462
0.262778	-2.31564	2.31047	0.261848	0.782462
0.247509	-2.28499	2.35117	0.259723	1.02479
0.247509	-2.28499	2.35117	0.259723	1.02479
0.247509	-2.28499	2.35117	0.259723	1.02479
0.247509	-2.28499	2.35117	0.259723	1.02479
0.247509	-2.28499	2.35117	0.259723	1.02479
0.247509	-2.28499	2.35117	0.259723	1.02479
0.247509	-2.28499	2.35117	0.259723	1.02479
0.247509	-2.28499	2.35117	0.259723	1.02479
0.247509	-2.28499	2.35117	0.259723	1.02479
0.247509	-2.28499	2.35117	0.259723	1.02479
0.237533	-2.2687	2.38485	0.24595	0.755193
0.237533	-2.2687	2.38485	0.24595	0.755193
0.237533	-2.2687	2.38485	0.24595	0.755193
0.237533	-2.2687	2.38485	0.24595	0.755193
0.237533	-2.2687	2.38485	0.24595	0.755193
0.237533	-2.2687	2.38485	0.24595	0.755193
0.237533	-2.2687	2.38485	0.24595	0.755193
0.237533	-2.2687	2.38485	0.24595	0.755193
0.237533	-2.2687	2.38485	0.24595	0.755193
0.237533	-2.2687	2.38485	0.24595	0.755193
0.213639	-2.23715	2.44543	0.254715	1.21502
0.213639	-2.23715	2.44543	0.254715	1.21502
0.213639	-2.23715	2.44543	0.254715	1.21502
0.213639	-2.23715	2.44543	0.254715	1.21502
0.213639	-2.23715	2.44543	0.254715	1.21502
0.213639	-2.23715	2.44543	0.254715	1.21502
0.213639	-2.23715	2.44543	0.254715	1.21502
0.213639	-2.23715	2.44543	0.254715	1.21502
0.213639	-2.23715	2.44543	0.254715	1.21502
0.213639	-2.23715	2.44543	0.254715	1.21502
0.196037	-2.21897	2.51415	0.235013	1.20478
0.196037	-2.21897	2.51415	0.235013	1.20478
0.196037	-2.21897	2.51415	0.235013	1.20478
0.196037	-2.21897	2.51415	0.235013	1.20478
0.196037	-2.21897	2.51415	0.235013	1.20478
0.196037	-2.21897	2.51415	0.235013	1.20478
0.196037	-2.21897	2.51415	0.235013	1.20478
0.196037	-2.21897	2.51415	0.235013	1.20478
0.196037	-2.21897	2.51415	0.235013	1.20478
0.183174	-2.20815	2.56828	0.247091	0.952564
0.183174	-2.20815	2.56828	0.247091	0.952564
0.183174	-2.20815	2.56828	0.247091	0.952564
0.183174	-2.20815	2.56828	0.247091	0.952564
0.183174	-2.20815	2.56828	0.247091	0.952564
0.183174	-2.20815	2.56828	0.247091	0.952564
0.183174	-2.20815	2.56828	0.247091	0.952564
0.183174	-2.20815	2.56828	0.247091	0.952564
0.183174	-2.20815	2.56828	0.247091	0.952564
0.183174	-2.20815	2.56828	0.247091	0.952564
0.159568	-2.19193	2.64549	0.253217	1.10798
0.159568	-2.19193	2.64549	0.253217	1.10798
0.159568	-2.19193	2.64549	0.253217	1.10798
0.159568	-2.19193	2.64549	0.253217	1.10798
0.159568	-2.19193	2.64549	0.253217	1.10798
0.159568	-2.19193	2.64549	0.253217	1.10798
0.159568	-2.19193	2.64549	0.253217	1.10798
0.159568	-2.19193	2.64549	0.253217	1.10798
0.159568	-2.19193	2.64549	0.253217	1.10798
0.159568	-2.19193	2.64549	0.253217	1.10798
0.159568	-2.19193	2.64549	0.253217	1.10798
0.136017	-2.17937	2.73695	0.234126	1.06701
0.136017	-2.17937	2.73695	0.234126	1.06701
0.136017	-2.17937	2.73695	0.234126	1.06701
0.136017	-2.17937	2.73695	0.234126	1.06701
0.136017	-2.17937	2.73695	0.234126	1.06701
0.136017	-2.17937	2.73695	0.234126	1.06701
0.136017	-2.17937	2.73695	0.234126	1.06701
0.136017	-2.17937	2.73695	0.234126	1.06701
0.136017	-2.17937	2.73695	0.234126	1.06701
0.136017	-2.17937	2.73695	0.234126	1.06701
0.114362	-2.17076	2.8296	0.24344	1.06342
0.114362	-2.17076	2.8296	0.24344	1.06342
0.114362	-2.17076	2.8296	0.24344	1.06342
0.114362	-2.17076	2.8296	0.24344	1.06342
0.114362	-2.17076	2.8296	0.24344	1.06342
0.114362	-2.17076	2.8296	0.24344	1.06342
0.114362	-2.17076	2.8296	0.24344	1.06342
0.114362	-2.17076	2.8296	0.24344	1.06342
0.114362	-2.17076	2.8296	0.24344	1.06342
0.0914729	-2.16438	2.92494	0.243089	1.14562
0.0914729	-2.16438	2.92494	0.243089	1.14562
0.0914729	-2.16438	2.92494	0.243089	1.14562
0.0914729	-2.16438	2.92494	0.243089	1.14562
0.0914729	-2.16438	2.92494	0.243089	1.14562
0.0914729	-2.16438	2.92494	0.243089	1.14562
0.0914729	-2.16438	2.92494	0.243089	1.14562
0.0914729	-2.16438	2.92494	0.243089	1.14562
0.0914729	-2.16438	2.92494	0.243089	1.14562
0.0914729	-2.16438	2.92494	0.243089	1.14562
0.0702804	-2.16074	3.02292	0.251954	1.0178
0.0702804	-2.16074	3.02292	0.251954	1.0178
0.0702804	-2.16074	3.02292	0.251954	1.0178
0.0702804	-2.16074	3.02292	0.251954	1.0178
0.0702804	-2.16074	3.02292	0.251954	1.0178
0.0702804	-2.16074	3.02292	0.251954	1.0178
0.0702804	-2.16074	3.02292	0.251954	1.0178
0.0702804	-2.16074	3.02292	0.251954	1.0178
0.0702804	-2.16074	3.02292	0.251954	1.0178
0.0702804	-2.16074	3.02292	0.251954	1.0178
0.0539583	-2.15933	3.08892	0.255813	0.657009
0.0539583	-2.15933	3.08892	0.255813	0.657009
0.0539583	-2.15933	3.08892	0.255813	0.657009
0.0539583	-2.15933	3.08892	0.255813	0.657009
0.0539583	-2.15933	3.08892	0.255813	0.657009
0.0539583	-2.15933	3.08892	0.255813	0.657009
0.0539583	-2.15933	3.08892	0.255813	0.657009
0.0539583	-2.15933	3.08892	0.255813	0.657009
0.0539583	-2.15933	3.08892	0.255813	0.657009
0.0539583	-2.15933	3.08892	0.255813	0.657009
0.00801146	-2.15962	-3.07545	0.246102	1.18505
0.00801146	-2.15962	-3.07545	0.246102	1.18505
0.00801146	-2.15962	-3.07545	0.246102	1.18505
0.00801146	-2.15962	-3.07545	0.246102	1.18505
0.00801146	-2.15962	-3.07545	0.246102	1.18505
0.00801146	-2.15962	-3.07545	0.246102	1.18505
0.00801146	-2.15962	-3.07545	0.246102	1.18505
0.00801146	-2.15962	-3.07545	0.246102	1.18505
0.00801146	-2.15962	-3.07545	0.246102	1.18505
0.00801146	-2.15962	-3.07545	0.246102	1.18505
-0.0107654	-2.16173	-2.98495	0.240922	0.909901
-0.0107654	-2.16173	-2.98495	0.240922	0.909901
-0.0107654	-2.16173	-2.98495	0.240922	0.909901
-0.0107654	-2.16173	-2.98495	0.240922	0.909901
-0.0107654	-2.16173	-2.98495	0.240922	0.909901
-0.0107654	-2.16173	-2.98495	0.240922	0.909901
-0.0107654	-2.16173	-2.98495	0.240922	0.909901
-0.0107654	-2.16173	-2.98495	0.240922	0.909901
-0.0107654	-2.16173	-2.98495	0.240922	0.909901
-0.0107654	-2.16173	-2.98495	0.240922	0.909901
-0.0107654	-2.16173	-2.98495	0.240922	0.909901
-0.0347386	-2.1667	-2.89813	0.25702	0.843328
-0.0347386	-2.1667	-2.89813	0.25702	0.843328
-0.0347386	-2.1667	-2.89813	0.25702	0.843328
-0.0347386	-2.1667	-2.89813	0.25702	0.843328
-0.0347386	-2.1667	-2.89813	0.25702	0.843328
-0.0347386	-2.1667	-2.89813	0.25702	0.843328
-0.0347386	-2.1667	-2.89813	0.25702	0.843328
-0.0347386	-2.1667	-2.89813	0.25702	0.843328
-0.0347386	-2.1667	-2.89813	0.25702	0.843328
-0.0613432	-2.17477	-2.81641	0.249755	1.011
-0.0613432	-2.17477	-2.81641	0.249755	1.011
-0.0613432	-2.17477	-2.81641	0.249755	1.011
-0.0613432	-2.17477	-2.81641	0.249755	1.011
-0.0613432	-2.17477	-2.81641	0.249755	1.011
-0.0613432	-2.17477	-2.81641	0.249755	1.011
-0.0613432	-2.17477	-2.81641	0.249755	1.011
-0.0613432	-2.17477	-2.81641	0.249755	1.011
-0.0613432	-2.17477	-2.81641	0.249755	1.011
-0.0613432	-2.17477	-2.81641	0.249755	1.011
-0.0806671	-2.18251	-2.74484	0.258608	0.844872
-0.0806671	-2.18251	-2.74484	0.258608	0.844872
-0.0806671	-2.18251	-2.74484	0.258608	0.844872
-0.0806671	-2.18251	-2.74484	0.258608	0.844872
-0.0806671	-2.18251	-2.74484	0.258608	0.844872
-0.0806671	-2.18251	-2.74484	0.258608	0.844872
-0.0806671	-2.18251	-2.74484	0.258608	0.844872
-0.0806671	-2.18251	-2.74484	0.258608	0.844872
