x	y	yaw	v	w
0	0	2.03444	0	0
0	0	2.03444	0	0
0	0	2.03444	0	0
0	0	2.03444	0	0
0	0	2.03444	0	0
0	0	2.03444	0	0
0	0	2.03444	0	0
0	-1.23583	-2.03445	0.25	0.00121965
0	-1.23583	-2.03445	0.25	0.00121965
0	-1.23583	-2.03445	0.25	0.00121965
0	-1.23583	-2.03445	0.25	0.00121965
0	-1.23583	-2.03445	0.25	0.00121965
0	-1.23583	-2.03445	0.25	0.00121965
0	-1.23583	-2.03445	0.25	0.00121965
0	-1.23583	-2.03445	0.25	0.00121965
0	-1.23583	-2.03445	0.25	0.00121965
0	-1.23583	-2.03445	0.25	0.00121965
-0.985262	-1.22656	-2.03445	0.28721	-0.0481478
-0.985262	-1.22656	-2.03445	0.28721	-0.0481478
-0.985262	-1.22656	-2.03445	0.28721	-0.0481478
-0.985262	-1.22656	-2.03445	0.28721	-0.0481478
-0.985262	-1.22656	-2.03445	0.28721	-0.0481478
-0.985262	-1.22656	-2.03445	0.28721	-0.0481478
-0.985262	-1.22656	-2.03445	0.28721	-0.0481478
-0.985262	-1.22656	-2.03445	0.28721	-0.0481478
-0.985262	-1.22656	-2.03445	0.28721	-0.0481478
-0.985262	-1.22656	-2.03445	0.28721	-0.0481478
-1.00926	-1.22633	-2.03445	0.278977	0.0402457
-1.00926	-1.22633	-2.03445	0.278977	0.0402457
-1.00926	-1.22633	-2.03445	0.278977	0.0402457
-1.00926	-1.22633	-2.03445	0.278977	0.0402457
-1.00926	-1.22633	-2.03445	0.278977	0.0402457
-1.00926	-1.22633	-2.03445	0.278977	0.0402457
-1.00926	-1.22633	-2.03445	0.278977	0.0402457
-1.00926	-1.22633	-2.03445	0.278977	0.0402457
-1.00926	-1.22633	-2.03445	0.278977	0.0402457
-1.00926	-1.22633	-2.03445	0.278977	0.0402457
-1.0071	-1.22634	-2.03445	0.223836	0.00310061
-1.0071	-1.22634	-2.03445	0.223836	0.00310061
-1.0071	-1.22634	-2.03445	0.223836	0.00310061
-1.0071	-1.22634	-2.03445	0.223836	0.00310061
-1.0071	-1.22634	-2.03445	0.223836	0.00310061
-1.0071	-1.22634	-2.03445	0.223836	0.00310061
-1.0071	-1.22634	-2.03445	0.223836	0.00310061
-1.0071	-1.22634	-2.03445	0.223836	0.00310061
-1.0071	-1.22634	-2.03445	0.223836	0.00310061
-1.0071	-1.22634	-2.03445	0.223836	0.00310061
-1.12949	-1.22537	-2.03445	0.245387	-0.017045
-1.12949	-1.22537	-2.03445	0.245387	-0.017045
-1.12949	-1.22537	-2.03445	0.245387	-0.017045
-1.12949	-1.22537	-2.03445	0.245387	-0.017045
-1.12949	-1.22537	-2.03445	0.245387	-0.017045
-1.12949	-1.22537	-2.03445	0.245387	-0.017045
-1.12949	-1.22537	-2.03445	0.245387	-0.017045
-1.12949	-1.22537	-2.03445	0.245387	-0.017045
-1.12949	-1.22537	-2.03445	0.245387	-0.017045
-1.12949	-1.22537	-2.03445	0.245387	-0.017045
-1.24601	-1.22483	-2.03444	0.267578	0.0809993
-1.24601	-1.22483	-2.03444	0.267578	0.0809993
-1.24601	-1.22483	-2.03444	0.267578	0.0809993
-1.24601	-1.22483	-2.03444	0.267578	0.0809993
-1.24601	-1.22483	-2.03444	0.267578	0.0809993
-1.24601	-1.22483	-2.03444	0.267578	0.0809993
-1.24601	-1.22483	-2.03444	0.267578	0.0809993
-1.24601	-1.22483	-2.03444	0.267578	0.0809993
-1.24601	-1.22483	-2.03444	0.267578	0.0809993
-1.24601	-1.22483	-2.03444	0.267578	0.0809993
-1.24508	-1.22483	-2.03444	0.22501	0.002803
-1.24508	-1.22483	-2.03444	0.22501	0.002803
-1.24508	-1.22483	-2.03444	0.22501	0.002803
-1.24508	-1.22483	-2.03444	0.22501	0.002803
-1.24508	-1.22483	-2.03444	0.22501	0.002803
-1.24508	-1.22483	-2.03444	0.22501	0.002803
-1.24508	-1.22483	-2.03444	0.22501	0.002803
-1.24508	-1.22483	-2.03444	0.22501	0.002803
-1.24508	-1.22483	-2.03444	0.22501	0.002803
-1.24508	-1.22483	-2.03444	0.22501	0.002803
-1.42488	-1.22455	-2.03444	0.256511	-0.0224062
-1.42488	-1.22455	-2.03444	0.256511	-0.0224062
-1.42488	-1.22455	-2.03444	0.256511	-0.0224062
-1.42488	-1.22455	-2.03444	0.256511	-0.0224062
-1.42488	-1.22455	-2.03444	0.256511	-0.0224062
-1.42488	-1.22455	-2.03444	0.256511	-0.0224062
-1.42488	-1.22455	-2.03444	0.256511	-0.0224062
-1.42488	-1.22455	-2.03444	0.256511	-0.0224062
-1.42488	-1.22455	-2.03444	0.256511	-0.0224062
-1.42488	-1.22455	-2.03444	0.256511	-0.0224062
-1.46058	-1.22451	2.03444	0.289692	0.0311772
-1.46058	-1.22451	2.03444	0.289692	0.0311772
-1.46058	-1.22451	2.03444	0.289692	0.0311772
-1.46058	-1.22451	2.03444	0.289692	0.0311772
-1.46058	-1.22451	2.03444	0.289692	0.0311772
-1.46058	-1.22451	2.03444	0.289692	0.0311772
-1.46058	-1.22451	2.03444	0.289692	0.0311772
-1.46058	-1.22451	2.03444	0.289692	0.0311772
-1.46058	-1.22451	2.03444	0.289692	0.0311772
-1.46058	-1.22451	2.03444	0.289692	0.0311772
-1.51583	-1.22437	-2.03445	0.26257	-0.0595079
-1.51583	-1.22437	-2.03445	0.26257	-0.0595079
-1.51583	-1.22437	-2.03445	0.26257	-0.0595079
-1.51583	-1.22437	-2.03445	0.26257	-0.0595079
-1.51583	-1.22437	-2.03445	0.26257	-0.0595079
-1.51583	-1.22437	-2.03445	0.26257	-0.0595079
-1.51583	-1.22437	-2.03445	0.26257	-0.0595079
-1.51583	-1.22437	-2.03445	0.26257	-0.0595079
-1.51583	-1.22437	-2.03445	0.26257	-0.0595079
-1.51583	-1.22437	-2.03445	0.26257	-0.0595079
-1.51726	-1.22436	-2.03445	0.260217	0.00323935
-1.51726	-1.22436	-2.03445	0.260217	0.00323935
-1.51726	-1.22436	-2.03445	0.260217	0.00323935
-1.51726	-1.22436	-2.03445	0.260217	0.00323935
-1.51726	-1.22436	-2.03445	0.260217	0.00323935
-1.51726	-1.22436	-2.03445	0.260217	0.00323935
-1.51726	-1.22436	-2.03445	0.260217	0.00323935
-1.51726	-1.22436	-2.03445	0.260217	0.00323935
-1.51726	-1.22436	-2.03445	0.260217	0.00323935
-1.51726	-1.22436	-2.03445	0.260217	0.00323935
-1.65944	-1.22343	-2.03445	0.25897	-0.0177575
-1.65944	-1.22343	-2.03445	0.25897	-0.0177575
-1.65944	-1.22343	-2.03445	0.25897	-0.0177575
-1.65944	-1.22343	-2.03445	0.25897	-0.0177575
-1.65944	-1.22343	-2.03445	0.25897	-0.0177575
-1.65944	-1.22343	-2.03445	0.25897	-0.0177575
-1.65944	-1.22343	-2.03445	0.25897	-0.0177575
-1.65944	-1.22343	-2.03445	0.25897	-0.0177575
-1.65944	-1.22343	-2.03445	0.25897	-0.0177575
-1.65944	-1.22343	-2.03445	0.25897	-0.0177575
-1.60771	-1.22391	-2.03445	0.242505	-0.0353044
-1.60771	-1.22391	-2.03445	0.242505	-0.0353044
-1.60771	-1.22391	-2.03445	0.242505	-0.0353044
-1.60771	-1.22391	-2.03445	0.242505	-0.0353044
-1.60771	-1.22391	-2.03445	0.242505	-0.0353044
-1.60771	-1.22391	-2.03445	0.242505	-0.0353044
-1.60771	-1.22391	-2.03445	0.242505	-0.0353044
-1.60771	-1.22391	-2.03445	0.242505	-0.0353044
-1.60771	-1.22391	-2.03445	0.242505	-0.0353044
-1.60771	-1.22391	-2.03445	0.242505	-0.0353044
-1.58893	-1.22414	-2.03445	0.24329	-0.0273752
-1.58893	-1.22414	-2.03445	0.24329	-0.0273752
-1.58893	-1.22414	-2.03445	0.24329	-0.0273752
-1.58893	-1.22414	-2.03445	0.24329	-0.0273752
-1.58893	-1.22414	-2.03445	0.24329	-0.0273752
-1.58893	-1.22414	-2.03445	0.24329	-0.0273752
-1.58893	-1.22414	-2.03445	0.24329	-0.0273752
-1.58893	-1.22414	-2.03445	0.24329	-0.0273752
-1.58893	-1.22414	-2.03445	0.24329	-0.0273752
-1.58893	-1.22414	-2.03445	0.24329	-0.0273752
-1.65715	-1.22349	-2.03445	0.290589	0.0768813
-1.65715	-1.22349	-2.03445	0.290589	0.0768813
-1.65715	-1.22349	-2.03445	0.290589	0.0768813
-1.65715	-1.22349	-2.03445	0.290589	0.0768813
-1.65715	-1.22349	-2.03445	0.290589	0.0768813
-1.65715	-1.22349	-2.03445	0.290589	0.0768813
-1.65715	-1.22349	-2.03445	0.290589	0.0768813
-1.65715	-1.22349	-2.03445	0.290589	0.0768813
-1.65715	-1.22349	-2.03445	0.290589	0.0768813
-1.65715	-1.22349	-2.03445	0.290589	0.0768813
-1.67156	-1.22339	-2.03445	0.239364	-0.0381534
-1.67156	-1.22339	-2.03445	0.239364	-0.0381534
-1.67156	-1.22339	-2.03445	0.239364	-0.0381534
-1.67156	-1.22339	-2.03445	0.239364	-0.0381534
-1.67156	-1.22339	-2.03445	0.239364	-0.0381534
-1.67156	-1.22339	-2.03445	0.239364	-0.0381534
-1.67156	-1.22339	-2.03445	0.239364	-0.0381534
-1.67156	-1.22339	-2.03445	0.239364	-0.0381534
-1.67156	-1.22339	-2.03445	0.239364	-0.0381534
-1.67156	-1.22339	-2.03445	0.239364	-0.0381534
-1.69323	-1.22323	-2.03445	0.299934	0.0344271
-1.69323	-1.22323	-2.03445	0.299934	0.0344271
-1.69323	-1.22323	-2.03445	0.299934	0.0344271
-1.69323	-1.22323	-2.03445	0.299934	0.0344271
-1.69323	-1.22323	-2.03445	0.299934	0.0344271
-1.69323	-1.22323	-2.03445	0.299934	0.0344271
-1.69323	-1.22323	-2.03445	0.299934	0.0344271
-1.69323	-1.22323	-2.03445	0.299934	0.0344271
-1.69323	-1.22323	-2.03445	0.299934	0.0344271
-1.69323	-1.22323	-2.03445	0.299934	0.0344271
-1.6952	-1.22322	-2.03445	0.233176	-0.00226421
-1.6952	-1.22322	-2.03445	0.233176	-0.00226421
-1.6952	-1.22322	-2.03445	0.233176	-0.00226421
-1.6952	-1.22322	-2.03445	0.233176	-0.00226421
-1.6952	-1.22322	-2.03445	0.233176	-0.00226421
-1.6952	-1.22322	-2.03445	0.233176	-0.00226421
-1.6952	-1.22322	-2.03445	0.233176	-0.00226421
-1.6952	-1.22322	-2.03445	0.233176	-0.00226421
-1.6952	-1.22322	-2.03445	0.233176	-0.00226421
-1.6952	-1.22322	-2.03445	0.233176	-0.00226421
-1.29505	-1.22613	-2.03445	0.246303	-0.0388735
-1.29505	-1.22613	-2.03445	0.246303	-0.0388735
-1.29505	-1.22613	-2.03445	0.246303	-0.0388735
-1.29505	-1.22613	-2.03445	0.246303	-0.0388735
-1.29505	-1.22613	-2.03445	0.246303	-0.0388735
-1.29505	-1.22613	-2.03445	0.246303	-0.0388735
-1.29505	-1.22613	-2.03445	0.246303	-0.0388735
-1.29505	-1.22613	-2.03445	0.246303	-0.0388735
-1.29505	-1.22613	-2.03445	0.246303	-0.0388735
-1.29505	-1.22613	-2.03445	0.246303	-0.0388735
-1.30628	-1.22603	-2.03445	0.244429	0.0177022
-1.30628	-1.22603	-2.03445	0.244429	0.0177022
-1.30628	-1.22603	-2.03445	0.244429	0.0177022
-1.30628	-1.22603	-2.03445	0.244429	0.0177022
-1.30628	-1.22603	-2.03445	0.244429	0.0177022
-1.30628	-1.22603	-2.03445	0.244429	0.0177022
-1.30628	-1.22603	-2.03445	0.244429	0.0177022
-1.30628	-1.22603	-2.03445	0.244429	0.0177022
-1.30628	-1.22603	-2.03445	0.244429	0.0177022
-1.30628	-1.22603	-2.03445	0.244429	0.0177022
-1.33319	-1.2258	-2.03445	0.263619	-0.0194735
-1.33319	-1.2258	-2.03445	0.263619	-0.0194735
-1.33319	-1.2258	-2.03445	0.263619	-0.0194735
-1.33319	-1.2258	-2.03445	0.263619	-0.0194735
-1.33319	-1.2258	-2.03445	0.263619	-0.0194735
-1.33319	-1.2258	-2.03445	0.263619	-0.0194735
-1.33319	-1.2258	-2.03445	0.263619	-0.0194735
-1.33319	-1.2258	-2.03445	0.263619	-0.0194735
-1.33319	-1.2258	-2.03445	0.263619	-0.0194735
-1.33319	-1.2258	-2.03445	0.263619	-0.0194735
-1.26875	-1.22658	-2.03445	0.274858	-0.0475414
-1.26875	-1.22658	-2.03445	0.274858	-0.0475414
-1.26875	-1.22658	-2.03445	0.274858	-0.0475414
-1.26875	-1.22658	-2.03445	0.274858	-0.0475414
-1.26875	-1.22658	-2.03445	0.274858	-0.0475414
-1.26875	-1.22658	-2.03445	0.274858	-0.0475414
-1.26875	-1.22658	-2.03445	0.274858	-0.0475414
-1.26875	-1.22658	-2.03445	0.274858	-0.0475414
-1.26875	-1.22658	-2.03445	0.274858	-0.0475414
-1.26875	-1.22658	-2.03445	0.274858	-0.0475414
-1.27182	-1.22653	-2.03445	0.271164	0.00531968
-1.27182	-1.22653	-2.03445	0.271164	0.00531968
-1.27182	-1.22653	-2.03445	0.271164	0.00531968
-1.27182	-1.22653	-2.03445	0.271164	0.00531968
-1.27182	-1.22653	-2.03445	0.271164	0.00531968
-1.27182	-1.22653	-2.03445	0.271164	0.00531968
-1.27182	-1.22653	-2.03445	0.271164	0.00531968
-1.27182	-1.22653	-2.03445	0.271164	0.00531968
-1.27182	-1.22653	-2.03445	0.271164	0.00531968
-1.27182	-1.22653	-2.03445	0.271164	0.00531968
-1.51367	-1.22248	-2.03446	0.241283	-0.0475078
-1.51367	-1.22248	-2.03446	0.241283	-0.0475078
-1.51367	-1.22248	-2.03446	0.241283	-0.0475078
-1.51367	-1.22248	-2.03446	0.241283	-0.0475078
-1.51367	-1.22248	-2.03446	0.241283	-0.0475078
-1.51367	-1.22248	-2.03446	0.241283	-0.0475078
-1.51367	-1.22248	-2.03446	0.241283	-0.0475078
-1.51367	-1.22248	-2.03446	0.241283	-0.0475078
-1.51367	-1.22248	-2.03446	0.241283	-0.0475078
-1.51367	-1.22248	-2.03446	0.241283	-0.0475078
-1.53655	-1.22209	-2.03445	0.259126	0.0450561
-1.53655	-1.22209	-2.03445	0.259126	0.0450561
-1.53655	-1.22209	-2.03445	0.259126	0.0450561
-1.53655	-1.22209	-2.03445	0.259126	0.0450561
-1.53655	-1.22209	-2.03445	0.259126	0.0450561
-1.53655	-1.22209	-2.03445	0.259126	0.0450561
-1.53655	-1.22209	-2.03445	0.259126	0.0450561
-1.53655	-1.22209	-2.03445	0.259126	0.0450561
-1.53655	-1.22209	-2.03445	0.259126	0.0450561
-1.53655	-1.22209	-2.03445	0.259126	0.0450561
-1.51514	-1.22236	-2.03445	0.218981	0.0372881
-1.51514	-1.22236	-2.03445	0.218981	0.0372881
-1.51514	-1.22236	-2.03445	0.218981	0.0372881
-1.51514	-1.22236	-2.03445	0.218981	0.0372881
-1.51514	-1.22236	-2.03445	0.218981	0.0372881
-1.51514	-1.22236	-2.03445	0.218981	0.0372881
-1.51514	-1.22236	-2.03445	0.218981	0.0372881
-1.51514	-1.22236	-2.03445	0.218981	0.0372881
-1.51514	-1.22236	-2.03445	0.218981	0.0372881
-1.51514	-1.22236	-2.03445	0.218981	0.0372881
-1.52056	-1.2223	-2.03445	0.244822	-0.00921729
-1.52056	-1.2223	-2.03445	0.244822	-0.00921729
-1.52056	-1.2223	-2.03445	0.244822	-0.00921729
-1.52056	-1.2223	-2.03445	0.244822	-0.00921729
-1.52056	-1.2223	-2.03445	0.244822	-0.00921729
-1.52056	-1.2223	-2.03445	0.244822	-0.00921729
-1.52056	-1.2223	-2.03445	0.244822	-0.00921729
-1.52056	-1.2223	-2.03445	0.244822	-0.00921729
-1.52056	-1.2223	-2.03445	0.244822	-0.00921729
-1.52056	-1.2223	-2.03445	0.244822	-0.00921729
-1.5793	-1.22164	-2.03445	0.256317	0.0221289
-1.5793	-1.22164	-2.03445	0.256317	0.0221289
-1.5793	-1.22164	-2.03445	0.256317	0.0221289
-1.5793	-1.22164	-2.03445	0.256317	0.0221289
-1.5793	-1.22164	-2.03445	0.256317	0.0221289
-1.5793	-1.22164	-2.03445	0.256317	0.0221289
-1.5793	-1.22164	-2.03445	0.256317	0.0221289
-1.5793	-1.22164	-2.03445	0.256317	0.0221289
-1.5793	-1.22164	-2.03445	0.256317	0.0221289
-1.5793	-1.22164	-2.03445	0.256317	0.0221289
-1.56541	-1.22178	-2.03445	0.217528	0.0119655
-1.56541	-1.22178	-2.03445	0.217528	0.0119655
-1.56541	-1.22178	-2.03445	0.217528	0.0119655
-1.56541	-1.22178	-2.03445	0.217528	0.0119655
-1.56541	-1.22178	-2.03445	0.217528	0.0119655
-1.56541	-1.22178	-2.03445	0.217528	0.0119655
-1.56541	-1.22178	-2.03445	0.217528	0.0119655
-1.56541	-1.22178	-2.03445	0.217528	0.0119655
-1.56541	-1.22178	-2.03445	0.217528	0.0119655
-1.56541	-1.22178	-2.03445	0.217528	0.0119655
-1.54337	-1.22197	-2.03445	0.23843	0.0121173
-1.54337	-1.22197	-2.03445	0.23843	0.0121173
-1.54337	-1.22197	-2.03445	0.23843	0.0121173
-1.54337	-1.22197	-2.03445	0.23843	0.0121173
-1.54337	-1.22197	-2.03445	0.23843	0.0121173
-1.54337	-1.22197	-2.03445	0.23843	0.0121173
-1.54337	-1.22197	-2.03445	0.23843	0.0121173
-1.54337	-1.22197	-2.03445	0.23843	0.0121173
-1.54337	-1.22197	-2.03445	0.23843	0.0121173
-1.54337	-1.22197	-2.03445	0.23843	0.0121173
-1.48888	-1.22231	-2.03445	0.236751	0.0277378
-1.48888	-1.22231	-2.03445	0.236751	0.0277378
-1.48888	-1.22231	-2.03445	0.236751	0.0277378
-1.48888	-1.22231	-2.03445	0.236751	0.0277378
-1.48888	-1.22231	-2.03445	0.236751	0.0277378
-1.48888	-1.22231	-2.03445	0.236751	0.0277378
-1.48888	-1.22231	-2.03445	0.236751	0.0277378
-1.48888	-1.22231	-2.03445	0.236751	0.0277378
-1.48888	-1.22231	-2.03445	0.236751	0.0277378
-1.48888	-1.22231	-2.03445	0.236751	0.0277378
-1.48582	-1.22233	-2.03445	0.253722	0.00358398
-1.48582	-1.22233	-2.03445	0.253722	0.00358398
-1.48582	-1.22233	-2.03445	0.253722	0.00358398
-1.48582	-1.22233	-2.03445	0.253722	0.00358398
-1.48582	-1.22233	-2.03445	0.253722	0.00358398
-1.48582	-1.22233	-2.03445	0.253722	0.00358398
-1.48582	-1.22233	-2.03445	0.253722	0.00358398
-1.48582	-1.22233	-2.03445	0.253722	0.00358398
-1.48582	-1.22233	-2.03445	0.253722	0.00358398
-1.48582	-1.22233	-2.03445	0.253722	0.00358398
-1.99231	-1.21811	-2.03445	0.26178	-0.0714641
-1.99231	-1.21811	-2.03445	0.26178	-0.0714641
-1.99231	-1.21811	-2.03445	0.26178	-0.0714641
-1.99231	-1.21811	-2.03445	0.26178	-0.0714641
-1.99231	-1.21811	-2.03445	0.26178	-0.0714641
-1.99231	-1.21811	-2.03445	0.26178	-0.0714641
-1.99231	-1.21811	-2.03445	0.26178	-0.0714641
-1.99231	-1.21811	-2.03445	0.26178	-0.0714641
-1.99231	-1.21811	-2.03445	0.26178	-0.0714641
-1.99231	-1.21811	-2.03445	0.26178	-0.0714641
-2.00508	-1.21798	-2.03445	0.241873	0.0349174
-2.00508	-1.21798	-2.03445	0.241873	0.0349174
-2.00508	-1.21798	-2.03445	0.241873	0.0349174
-2.00508	-1.21798	-2.03445	0.241873	0.0349174
-2.00508	-1.21798	-2.03445	0.241873	0.0349174
-2.00508	-1.21798	-2.03445	0.241873	0.0349174
-2.00508	-1.21798	-2.03445	0.241873	0.0349174
-2.00508	-1.21798	-2.03445	0.241873	0.0349174
-2.00508	-1.21798	-2.03445	0.241873	0.0349174
-2.00508	-1.21798	-2.03445	0.241873	0.0349174
-2.01679	-1.21788	-2.03445	0.232443	-0.016893
-2.01679	-1.21788	-2.03445	0.232443	-0.016893
-2.01679	-1.21788	-2.03445	0.232443	-0.016893
-2.01679	-1.21788	-2.03445	0.232443	-0.016893
-2.01679	-1.21788	-2.03445	0.232443	-0.016893
-2.01679	-1.21788	-2.03445	0.232443	-0.016893
-2.01679	-1.21788	-2.03445	0.232443	-0.016893
-2.01679	-1.21788	-2.03445	0.232443	-0.016893
-2.01679	-1.21788	-2.03445	0.232443	-0.016893
-2.01679	-1.21788	-2.03445	0.232443	-0.016893
-1.97127	-1.2184	-2.03445	0.263149	-0.0330626
-1.97127	-1.2184	-2.03445	0.263149	-0.0330626
-1.97127	-1.2184	-2.03445	0.263149	-0.0330626
-1.97127	-1.2184	-2.03445	0.263149	-0.0330626
-1.97127	-1.2184	-2.03445	0.263149	-0.0330626
-1.97127	-1.2184	-2.03445	0.263149	-0.0330626
-1.97127	-1.2184	-2.03445	0.263149	-0.0330626
-1.97127	-1.2184	-2.03445	0.263149	-0.0330626
-1.97127	-1.2184	-2.03445	0.263149	-0.0330626
-1.97127	-1.2184	-2.03445	0.263149	-0.0330626
-1.97301	-1.21837	-2.03445	0.249488	0.00217735
-1.97301	-1.21837	-2.03445	0.249488	0.00217735
-1.97301	-1.21837	-2.03445	0.249488	0.00217735
-1.97301	-1.21837	-2.03445	0.249488	0.00217735
-1.97301	-1.21837	-2.03445	0.249488	0.00217735
-1.97301	-1.21837	-2.03445	0.249488	0.00217735
-1.97301	-1.21837	-2.03445	0.249488	0.00217735
-1.97301	-1.21837	-2.03445	0.249488	0.00217735
-1.97301	-1.21837	-2.03445	0.249488	0.00217735
-1.97301	-1.21837	-2.03445	0.249488	0.00217735
-2.34968	-1.2127	-2.03446	0.267184	-0.0329121
-2.34968	-1.2127	-2.03446	0.267184	-0.0329121
-2.34968	-1.2127	-2.03446	0.267184	-0.0329121
-2.34968	-1.2127	-2.03446	0.267184	-0.0329121
-2.34968	-1.2127	-2.03446	0.267184	-0.0329121
-2.34968	-1.2127	-2.03446	0.267184	-0.0329121
