x	y	yaw	v	w
0	0	2.03444	0	0
0	0	2.03444	0	0
0	0	2.03444	0	0
0	0	2.03444	0	0
0	0	2.03444	0	0
0	0	2.03444	0	0
0	0	2.03444	0	0
0	0	2.03444	0	0
0	0	2.03444	0	0
0	0	2.03444	0	0
0	0	2.03444	0	0
0	0	2.03444	0	0
0	0	2.03444	0	0
0	0	2.03444	0	0
0	0	2.03444	0	0
0	0	2.03444	0	0
0	0	2.03444	0	0
0	0	2.03444	0	0
0	0	2.03444	0	0
0	0	2.03444	0	0
0	0	2.03444	0	0
0	0	-2.03445	0	0.29552
0	0	-2.03445	0	0.29552
0	0	-2.03445	0	0.29552
0	0	-2.03445	0	0.29552
0	0	-2.03445	0	0.29552
0	0	-2.03445	0	0.29552
0	0	-2.03445	0	0.29552
0	0	-2.03445	0	0.29552
0	0	-2.03445	0	0.29552
0	0	-2.03445	0	0.29552
0	0	2.03447	0.0437717	0.33278
0	0	2.03447	0.0437717	0.33278
0	0	2.03447	0.0437717	0.33278
0	0	2.03447	0.0437717	0.33278
0	0	2.03447	0.0437717	0.33278
0	0	2.03447	0.0437717	0.33278
0	0	2.03447	0.0437717	0.33278
0	0	2.03447	0.0437717	0.33278
0	0	2.03447	0.0437717	0.33278
0	0	2.03447	0.0437717	0.33278
0.00717718	0.000368812	2.03476	0.045642	0.545404
0.00717718	0.000368812	2.03476	0.045642	0.545404
0.00717718	0.000368812	2.03476	0.045642	0.545404
0.00717718	0.000368812	2.03476	0.045642	0.545404
0.00717718	0.000368812	2.03476	0.045642	0.545404
0.00717718	0.000368812	2.03476	0.045642	0.545404
0.00717718	0.000368812	2.03476	0.045642	0.545404
0.00717718	0.000368812	2.03476	0.045642	0.545404
0.00717718	0.000368812	2.03476	0.045642	0.545404
0.00717718	0.000368812	2.03476	0.045642	0.545404
0.011905	0.000881207	2.03537	-0.0484434	0.570477
0.011905	0.000881207	2.03537	-0.0484434	0.570477
0.011905	0.000881207	2.03537	-0.0484434	0.570477
0.011905	0.000881207	2.03537	-0.0484434	0.570477
0.011905	0.000881207	2.03537	-0.0484434	0.570477
0.011905	0.000881207	2.03537	-0.0484434	0.570477
0.011905	0.000881207	2.03537	-0.0484434	0.570477
0.011905	0.000881207	2.03537	-0.0484434	0.570477
0.011905	0.000881207	2.03537	-0.0484434	0.570477
0.011905	0.000881207	2.03537	-0.0484434	0.570477
0.00684293	3.22942e-05	2.03638	-0.0106123	0.605814
0.00684293	3.22942e-05	2.03638	-0.0106123	0.605814
0.00684293	3.22942e-05	2.03638	-0.0106123	0.605814
0.00684293	3.22942e-05	2.03638	-0.0106123	0.605814
0.00684293	3.22942e-05	2.03638	-0.0106123	0.605814
0.00684293	3.22942e-05	2.03638	-0.0106123	0.605814
0.00684293	3.22942e-05	2.03638	-0.0106123	0.605814
0.00684293	3.22942e-05	2.03638	-0.0106123	0.605814
0.00684293	3.22942e-05	2.03638	-0.0106123	0.605814
0.00684293	3.22942e-05	2.03638	-0.0106123	0.605814
0.00526197	-0.000359418	2.03866	0.04582	0.928034
0.00526197	-0.000359418	2.03866	0.04582	0.928034
0.00526197	-0.000359418	2.03866	0.04582	0.928034
0.00526197	-0.000359418	2.03866	0.04582	0.928034
0.00526197	-0.000359418	2.03866	0.04582	0.928034
0.00526197	-0.000359418	2.03866	0.04582	0.928034
0.00526197	-0.000359418	2.03866	0.04582	0.928034
0.00526197	-0.000359418	2.03866	0.04582	0.928034
0.00526197	-0.000359418	2.03866	0.04582	0.928034
0.00526197	-0.000359418	2.03866	0.04582	0.928034
0.0089488	0.00089824	2.04129	-0.0698179	0.791188
0.0089488	0.00089824	2.04129	-0.0698179	0.791188
0.0089488	0.00089824	2.04129	-0.0698179	0.791188
0.0089488	0.00089824	2.04129	-0.0698179	0.791188
0.0089488	0.00089824	2.04129	-0.0698179	0.791188
0.0089488	0.00089824	2.04129	-0.0698179	0.791188
0.0089488	0.00089824	2.04129	-0.0698179	0.791188
0.0089488	0.00089824	2.04129	-0.0698179	0.791188
0.0089488	0.00089824	2.04129	-0.0698179	0.791188
0.0089488	0.00089824	2.04129	-0.0698179	0.791188
0.00268919	-0.00179843	2.04453	0.0206185	0.771326
0.00268919	-0.00179843	2.04453	0.0206185	0.771326
0.00268919	-0.00179843	2.04453	0.0206185	0.771326
0.00268919	-0.00179843	2.04453	0.0206185	0.771326
0.00268919	-0.00179843	2.04453	0.0206185	0.771326
0.00268919	-0.00179843	2.04453	0.0206185	0.771326
0.00268919	-0.00179843	2.04453	0.0206185	0.771326
0.00268919	-0.00179843	2.04453	0.0206185	0.771326
0.00268919	-0.00179843	2.04453	0.0206185	0.771326
0.00268919	-0.00179843	2.04453	0.0206185	0.771326
0.00502941	-0.000534013	2.04963	0.134272	0.99684
0.00502941	-0.000534013	2.04963	0.134272	0.99684
0.00502941	-0.000534013	2.04963	0.134272	0.99684
0.00502941	-0.000534013	2.04963	0.134272	0.99684
0.00502941	-0.000534013	2.04963	0.134272	0.99684
0.00502941	-0.000534013	2.04963	0.134272	0.99684
0.00502941	-0.000534013	2.04963	0.134272	0.99684
0.00502941	-0.000534013	2.04963	0.134272	0.99684
0.00502941	-0.000534013	2.04963	0.134272	0.99684
0.00502941	-0.000534013	2.04963	0.134272	0.99684
0.0131461	0.00479196	2.05408	0.0443112	0.721121
0.0131461	0.00479196	2.05408	0.0443112	0.721121
0.0131461	0.00479196	2.05408	0.0443112	0.721121
0.0131461	0.00479196	2.05408	0.0443112	0.721121
0.0131461	0.00479196	2.05408	0.0443112	0.721121
0.0131461	0.00479196	2.05408	0.0443112	0.721121
0.0131461	0.00479196	2.05408	0.0443112	0.721121
0.0131461	0.00479196	2.05408	0.0443112	0.721121
0.0131461	0.00479196	2.05408	0.0443112	0.721121
0.0131461	0.00479196	2.05408	0.0443112	0.721121
0.0178893	0.00852091	2.06096	0.0385138	0.975818
0.0178893	0.00852091	2.06096	0.0385138	0.975818
0.0178893	0.00852091	2.06096	0.0385138	0.975818
0.0178893	0.00852091	2.06096	0.0385138	0.975818
0.0178893	0.00852091	2.06096	0.0385138	0.975818
0.0178893	0.00852091	2.06096	0.0385138	0.975818
0.0178893	0.00852091	2.06096	0.0385138	0.975818
0.0178893	0.00852091	2.06096	0.0385138	0.975818
0.0178893	0.00852091	2.06096	0.0385138	0.975818
0.0178893	0.00852091	2.06096	0.0385138	0.975818
0.0205054	0.0110032	2.06856	0.0345353	0.917026
0.0205054	0.0110032	2.06856	0.0345353	0.917026
0.0205054	0.0110032	2.06856	0.0345353	0.917026
0.0205054	0.0110032	2.06856	0.0345353	0.917026
0.0205054	0.0110032	2.06856	0.0345353	0.917026
0.0205054	0.0110032	2.06856	0.0345353	0.917026
0.0205054	0.0110032	2.06856	0.0345353	0.917026
0.0205054	0.0110032	2.06856	0.0345353	0.917026
0.0205054	0.0110032	2.06856	0.0345353	0.917026
0.0205054	0.0110032	2.06856	0.0345353	0.917026
0.0226418	0.0134239	2.0768	-0.0295652	0.858089
0.0226418	0.0134239	2.0768	-0.0295652	0.858089
0.0226418	0.0134239	2.0768	-0.0295652	0.858089
0.0226418	0.0134239	2.0768	-0.0295652	0.858089
0.0226418	0.0134239	2.0768	-0.0295652	0.858089
0.0226418	0.0134239	2.0768	-0.0295652	0.858089
0.0226418	0.0134239	2.0768	-0.0295652	0.858089
0.0226418	0.0134239	2.0768	-0.0295652	0.858089
0.0226418	0.0134239	2.0768	-0.0295652	0.858089
0.0226418	0.0134239	2.0768	-0.0295652	0.858089
0.0208281	0.0109627	2.08645	-0.0268322	0.890163
0.0208281	0.0109627	2.08645	-0.0268322	0.890163
0.0208281	0.0109627	2.08645	-0.0268322	0.890163
0.0208281	0.0109627	2.08645	-0.0268322	0.890163
0.0208281	0.0109627	2.08645	-0.0268322	0.890163
0.0208281	0.0109627	2.08645	-0.0268322	0.890163
0.0208281	0.0109627	2.08645	-0.0268322	0.890163
0.0208281	0.0109627	2.08645	-0.0268322	0.890163
0.0208281	0.0109627	2.08645	-0.0268322	0.890163
0.0208281	0.0109627	2.08645	-0.0268322	0.890163
0.0188671	0.00757727	2.10293	0.162296	1.29907
0.0188671	0.00757727	2.10293	0.162296	1.29907
0.0188671	0.00757727	2.10293	0.162296	1.29907
0.0188671	0.00757727	2.10293	0.162296	1.29907
0.0188671	0.00757727	2.10293	0.162296	1.29907
0.0188671	0.00757727	2.10293	0.162296	1.29907
0.0188671	0.00757727	2.10293	0.162296	1.29907
0.0188671	0.00757727	2.10293	0.162296	1.29907
0.0188671	0.00757727	2.10293	0.162296	1.29907
0.0188671	0.00757727	2.10293	0.162296	1.29907
0.0230391	0.0169967	2.1147	-0.0422978	0.822224
0.0230391	0.0169967	2.1147	-0.0422978	0.822224
0.0230391	0.0169967	2.1147	-0.0422978	0.822224
0.0230391	0.0169967	2.1147	-0.0422978	0.822224
0.0230391	0.0169967	2.1147	-0.0422978	0.822224
0.0230391	0.0169967	2.1147	-0.0422978	0.822224
0.0230391	0.0169967	2.1147	-0.0422978	0.822224
0.0230391	0.0169967	2.1147	-0.0422978	0.822224
0.0230391	0.0169967	2.1147	-0.0422978	0.822224
0.0230391	0.0169967	2.1147	-0.0422978	0.822224
0.0212708	0.011688	2.13241	0.193553	1.07989
0.0212708	0.011688	2.13241	0.193553	1.07989
0.0212708	0.011688	2.13241	0.193553	1.07989
0.0212708	0.011688	2.13241	0.193553	1.07989
0.0212708	0.011688	2.13241	0.193553	1.07989
0.0212708	0.011688	2.13241	0.193553	1.07989
0.0212708	0.011688	2.13241	0.193553	1.07989
0.0212708	0.011688	2.13241	0.193553	1.07989
0.0212708	0.011688	2.13241	0.193553	1.07989
0.0212708	0.011688	2.13241	0.193553	1.07989
0.0247808	0.0272737	2.14877	-0.0640741	0.900703
0.0247808	0.0272737	2.14877	-0.0640741	0.900703
0.0247808	0.0272737	2.14877	-0.0640741	0.900703
0.0247808	0.0272737	2.14877	-0.0640741	0.900703
0.0247808	0.0272737	2.14877	-0.0640741	0.900703
0.0247808	0.0272737	2.14877	-0.0640741	0.900703
0.0247808	0.0272737	2.14877	-0.0640741	0.900703
0.0247808	0.0272737	2.14877	-0.0640741	0.900703
0.0247808	0.0272737	2.14877	-0.0640741	0.900703
0.0247808	0.0272737	2.14877	-0.0640741	0.900703
0.0240639	0.0221863	2.16316	-0.0133943	0.721868
0.0240639	0.0221863	2.16316	-0.0133943	0.721868
0.0240639	0.0221863	2.16316	-0.0133943	0.721868
0.0240639	0.0221863	2.16316	-0.0133943	0.721868
0.0240639	0.0221863	2.16316	-0.0133943	0.721868
0.0240639	0.0221863	2.16316	-0.0133943	0.721868
0.0240639	0.0221863	2.16316	-0.0133943	0.721868
0.0240639	0.0221863	2.16316	-0.0133943	0.721868
0.0240639	0.0221863	2.16316	-0.0133943	0.721868
0.0240639	0.0221863	2.16316	-0.0133943	0.721868
0.0239661	0.0205777	2.18201	-0.0190285	0.869024
0.0239661	0.0205777	2.18201	-0.0190285	0.869024
0.0239661	0.0205777	2.18201	-0.0190285	0.869024
0.0239661	0.0205777	2.18201	-0.0190285	0.869024
0.0239661	0.0205777	2.18201	-0.0190285	0.869024
0.0239661	0.0205777	2.18201	-0.0190285	0.869024
0.0239661	0.0205777	2.18201	-0.0190285	0.869024
0.0239661	0.0205777	2.18201	-0.0190285	0.869024
0.0239661	0.0205777	2.18201	-0.0190285	0.869024
0.0239661	0.0205777	2.18201	-0.0190285	0.869024
0.0239898	0.0190815	2.19847	0.044163	0.682493
0.0239898	0.0190815	2.19847	0.044163	0.682493
0.0239898	0.0190815	2.19847	0.044163	0.682493
0.0239898	0.0190815	2.19847	0.044163	0.682493
0.0239898	0.0190815	2.19847	0.044163	0.682493
0.0239898	0.0190815	2.19847	0.044163	0.682493
0.0239898	0.0190815	2.19847	0.044163	0.682493
0.0239898	0.0190815	2.19847	0.044163	0.682493
0.0239898	0.0190815	2.19847	0.044163	0.682493
0.0239898	0.0190815	2.19847	0.044163	0.682493
0.0237252	0.0225176	2.2121	0.0739865	0.53464
0.0237252	0.0225176	2.2121	0.0739865	0.53464
0.0237252	0.0225176	2.2121	0.0739865	0.53464
0.0237252	0.0225176	2.2121	0.0739865	0.53464
0.0237252	0.0225176	2.2121	0.0739865	0.53464
0.0237252	0.0225176	2.2121	0.0739865	0.53464
0.0237252	0.0225176	2.2121	0.0739865	0.53464
0.0237252	0.0225176	2.2121	0.0739865	0.53464
0.0237252	0.0225176	2.2121	0.0739865	0.53464
0.0237252	0.0225176	2.2121	0.0739865	0.53464
0.0225897	0.030949	2.22883	0.0566662	0.612539
0.0225897	0.030949	2.22883	0.0566662	0.612539
0.0225897	0.030949	2.22883	0.0566662	0.612539
0.0225897	0.030949	2.22883	0.0566662	0.612539
0.0225897	0.030949	2.22883	0.0566662	0.612539
0.0225897	0.030949	2.22883	0.0566662	0.612539
0.0225897	0.030949	2.22883	0.0566662	0.612539
0.0225897	0.030949	2.22883	0.0566662	0.612539
0.0225897	0.030949	2.22883	0.0566662	0.612539
0.0225897	0.030949	2.22883	0.0566662	0.612539
0.0219114	0.0345955	2.24055	-0.0210984	0.401561
0.0219114	0.0345955	2.24055	-0.0210984	0.401561
0.0219114	0.0345955	2.24055	-0.0210984	0.401561
0.0219114	0.0345955	2.24055	-0.0210984	0.401561
0.0219114	0.0345955	2.24055	-0.0210984	0.401561
0.0219114	0.0345955	2.24055	-0.0210984	0.401561
0.0219114	0.0345955	2.24055	-0.0210984	0.401561
0.0219114	0.0345955	2.24055	-0.0210984	0.401561
0.0219114	0.0345955	2.24055	-0.0210984	0.401561
0.0219114	0.0345955	2.24055	-0.0210984	0.401561
0.0225295	0.0319535	2.25641	0.0179191	0.516692
0.0225295	0.0319535	2.25641	0.0179191	0.516692
0.0225295	0.0319535	2.25641	0.0179191	0.516692
0.0225295	0.0319535	2.25641	0.0179191	0.516692
0.0225295	0.0319535	2.25641	0.0179191	0.516692
0.0225295	0.0319535	2.25641	0.0179191	0.516692
0.0225295	0.0319535	2.25641	0.0179191	0.516692
0.0225295	0.0319535	2.25641	0.0179191	0.516692
0.0225295	0.0319535	2.25641	0.0179191	0.516692
0.0225295	0.0319535	2.25641	0.0179191	0.516692
0.0221517	0.03329	2.26936	-0.0545161	0.400258
0.0221517	0.03329	2.26936	-0.0545161	0.400258
0.0221517	0.03329	2.26936	-0.0545161	0.400258
0.0221517	0.03329	2.26936	-0.0545161	0.400258
0.0221517	0.03329	2.26936	-0.0545161	0.400258
0.0221517	0.03329	2.26936	-0.0545161	0.400258
0.0221517	0.03329	2.26936	-0.0545161	0.400258
0.0221517	0.03329	2.26936	-0.0545161	0.400258
0.0221517	0.03329	2.26936	-0.0545161	0.400258
0.0221517	0.03329	2.26936	-0.0545161	0.400258
0.0230849	0.0303436	2.2769	-0.00698514	0.2264
0.0230849	0.0303436	2.2769	-0.00698514	0.2264
0.0230849	0.0303436	2.2769	-0.00698514	0.2264
0.0230849	0.0303436	2.2769	-0.00698514	0.2264
0.0230849	0.0303436	2.2769	-0.00698514	0.2264
0.0230849	0.0303436	2.2769	-0.00698514	0.2264
0.0230849	0.0303436	2.2769	-0.00698514	0.2264
0.0230849	0.0303436	2.2769	-0.00698514	0.2264
0.0230849	0.0303436	2.2769	-0.00698514	0.2264
0.0230849	0.0303436	2.2769	-0.00698514	0.2264
0.0232444	0.0298715	2.28241	0.00588321	0.161922
0.0232444	0.0298715	2.28241	0.00588321	0.161922
0.0232444	0.0298715	2.28241	0.00588321	0.161922
0.0232444	0.0298715	2.28241	0.00588321	0.161922
0.0232444	0.0298715	2.28241	0.00588321	0.161922
0.0232444	0.0298715	2.28241	0.00588321	0.161922
0.0232444	0.0298715	2.28241	0.00588321	0.161922
0.0232444	0.0298715	2.28241	0.00588321	0.161922
0.0232444	0.0298715	2.28241	0.00588321	0.161922
0.0232444	0.0298715	2.28241	0.00588321	0.161922
0.0231857	0.0300393	2.28411	-0.0195692	0.048688
0.0231857	0.0300393	2.28411	-0.0195692	0.048688
0.0231857	0.0300393	2.28411	-0.0195692	0.048688
0.0231857	0.0300393	2.28411	-0.0195692	0.048688
0.0231857	0.0300393	2.28411	-0.0195692	0.048688
0.0231857	0.0300393	2.28411	-0.0195692	0.048688
0.0231857	0.0300393	2.28411	-0.0195692	0.048688
0.0231857	0.0300393	2.28411	-0.0195692	0.048688
0.0231857	0.0300393	2.28411	-0.0195692	0.048688
0.0231857	0.0300393	2.28411	-0.0195692	0.048688
0.0224474	0.0321541	2.28215	-0.00146808	-0.056089
0.0224474	0.0321541	2.28215	-0.00146808	-0.056089
0.0224474	0.0321541	2.28215	-0.00146808	-0.056089
0.0224474	0.0321541	2.28215	-0.00146808	-0.056089
0.0224474	0.0321541	2.28215	-0.00146808	-0.056089
0.0224474	0.0321541	2.28215	-0.00146808	-0.056089
0.0224474	0.0321541	2.28215	-0.00146808	-0.056089
0.0224474	0.0321541	2.28215	-0.00146808	-0.056089
0.0224474	0.0321541	2.28215	-0.00146808	-0.056089
0.0224474	0.0321541	2.28215	-0.00146808	-0.056089
0.0225845	0.031747	2.27652	0.00304366	-0.163658
0.0225845	0.031747	2.27652	0.00304366	-0.163658
0.0225845	0.031747	2.27652	0.00304366	-0.163658
0.0225845	0.031747	2.27652	0.00304366	-0.163658
0.0225845	0.031747	2.27652	0.00304366	-0.163658
0.0225845	0.031747	2.27652	0.00304366	-0.163658
0.0225845	0.031747	2.27652	0.00304366	-0.163658
0.0225845	0.031747	2.27652	0.00304366	-0.163658
0.0225845	0.031747	2.27652	0.00304366	-0.163658
0.0225845	0.031747	2.27652	0.00304366	-0.163658
0.0224417	0.0322026	2.26792	-0.00226001	-0.257654
0.0224417	0.0322026	2.26792	-0.00226001	-0.257654
0.0224417	0.0322026	2.26792	-0.00226001	-0.257654
0.0224417	0.0322026	2.26792	-0.00226001	-0.257654
0.0224417	0.0322026	2.26792	-0.00226001	-0.257654
0.0224417	0.0322026	2.26792	-0.00226001	-0.257654
0.0224417	0.0322026	2.26792	-0.00226001	-0.257654
0.0224417	0.0322026	2.26792	-0.00226001	-0.257654
0.0224417	0.0322026	2.26792	-0.00226001	-0.257654
0.0224417	0.0322026	2.26792	-0.00226001	-0.257654
0.0225088	0.0319666	2.25878	-0.0118993	-0.278191
0.0225088	0.0319666	2.25878	-0.0118993	-0.278191
0.0225088	0.0319666	2.25878	-0.0118993	-0.278191
0.0225088	0.0319666	2.25878	-0.0118993	-0.278191
0.0225088	0.0319666	2.25878	-0.0118993	-0.278191
0.0225088	0.0319666	2.25878	-0.0118993	-0.278191
0.0225088	0.0319666	2.25878	-0.0118993	-0.278191
0.0225088	0.0319666	2.25878	-0.0118993	-0.278191
0.0225088	0.0319666	2.25878	-0.0118993	-0.278191
0.0225088	0.0319666	2.25878	-0.0118993	-0.278191
0.0230076	0.0299126	2.24331	0.0123876	-0.496985
0.0230076	0.0299126	2.24331	0.0123876	-0.496985
0.0230076	0.0299126	2.24331	0.0123876	-0.496985
0.0230076	0.0299126	2.24331	0.0123876	-0.496985
0.0230076	0.0299126	2.24331	0.0123876	-0.496985
0.0230076	0.0299126	2.24331	0.0123876	-0.496985
0.0230076	0.0299126	2.24331	0.0123876	-0.496985
0.0230076	0.0299126	2.24331	0.0123876	-0.496985
0.0230076	0.0299126	2.24331	0.0123876	-0.496985
0.0230076	0.0299126	2.24331	0.0123876	-0.496985
0.0227728	0.0311465	2.22843	0.0307386	-0.500377
0.0227728	0.0311465	2.22843	0.0307386	-0.500377
0.0227728	0.0311465	2.22843	0.0307386	-0.500377
0.0227728	0.0311465	2.22843	0.0307386	-0.500377
0.0227728	0.0311465	2.22843	0.0307386	-0.500377
0.0227728	0.0311465	2.22843	0.0307386	-0.500377
0.0227728	0.0311465	2.22843	0.0307386	-0.500377
0.0227728	0.0311465	2.22843	0.0307386	-0.500377
0.0227728	0.0311465	2.22843	0.0307386	-0.500377
0.0227728	0.0311465	2.22843	0.0307386	-0.500377
0.022325	0.0344314	2.21373	-0.0286493	-0.54083
0.022325	0.0344314	2.21373	-0.0286493	-0.54083
0.022325	0.0344314	2.21373	-0.0286493	-0.54083
0.022325	0.0344314	2.21373	-0.0286493	-0.54083
0.022325	0.0344314	2.21373	-0.0286493	-0.54083
0.022325	0.0344314	2.21373	-0.0286493	-0.54083
0.022325	0.0344314	2.21373	-0.0286493	-0.54083
0.022325	0.0344314	2.21373	-0.0286493	-0.54083
0.022325	0.0344314	2.21373	-0.0286493	-0.54083
0.022325	0.0344314	2.21373	-0.0286493	-0.54083
0.0225987	0.0307665	2.19612	0.00126707	-0.693194
0.0225987	0.0307665	2.19612	0.00126707	-0.693194
0.0225987	0.0307665	2.19612	0.00126707	-0.693194
0.0225987	0.0307665	2.19612	0.00126707	-0.693194
0.0225987	0.0307665	2.19612	0.00126707	-0.693194
0.0225987	0.0307665	2.19612	0.00126707	-0.693194
0.0225987	0.0307665	2.19612	0.00126707	-0.693194
0.0225987	0.0307665	2.19612	0.00126707	-0.693194
0.0225987	0.0307665	2.19612	0.00126707	-0.693194
0.0225987	0.0307665	2.19612	0.00126707	-0.693194
0.0225978	0.0308881	2.18043	-0.0472443	-0.666331
0.0225978	0.0308881	2.18043	-0.0472443	-0.666331
0.0225978	0.0308881	2.18043	-0.0472443	-0.666331
0.0225978	0.0308881	2.18043	-0.0472443	-0.666331
0.0225978	0.0308881	2.18043	-0.0472443	-0.666331
0.0225978	0.0308881	2.18043	-0.0472443	-0.666331
0.0225978	0.0308881	2.18043	-0.0472443	-0.666331
0.0225978	0.0308881	2.18043	-0.0472443	-0.666331
0.0225978	0.0308881	2.18043	-0.0472443	-0.666331
0.0225978	0.0308881	2.18043	-0.0472443	-0.666331
0.0221944	0.024912	2.16223	0.0013459	-0.847938
0.0221944	0.024912	2.16223	0.0013459	-0.847938
0.0221944	0.024912	2.16223	0.0013459	-0.847938
0.0221944	0.024912	2.16223	0.0013459	-0.847938
0.0221944	0.024912	2.16223	0.0013459	-0.847938
0.0221944	0.024912	2.16223	0.0013459	-0.847938
0.0221944	0.024912	2.16223	0.0013459	-0.847938
0.0221944	0.024912	2.16223	0.0013459	-0.847938
0.0221944	0.024912	2.16223	0.0013459	-0.847938
0.0221944	0.024912	2.16223	0.0013459	-0.847938
0.0222164	0.0250539	2.14446	-0.0483888	-0.902658
0.0222164	0.0250539	2.14446	-0.0483888	-0.902658
0.0222164	0.0250539	2.14446	-0.0483888	-0.902658
0.0222164	0.0250539	2.14446	-0.0483888	-0.902658
0.0222164	0.0250539	2.14446	-0.0483888	-0.902658
0.0222164	0.0250539	2.14446	-0.0483888	-0.902658
0.0222164	0.0250539	2.14446	-0.0483888	-0.902658
0.0222164	0.0250539	2.14446	-0.0483888	-0.902658
0.0222164	0.0250539	2.14446	-0.0483888	-0.902658
0.0222164	0.0250539	2.14446	-0.0483888	-0.902658
0.021047	0.0203575	2.1287	-0.018413	-0.905722
0.021047	0.0203575	2.1287	-0.018413	-0.905722
0.021047	0.0203575	2.1287	-0.018413	-0.905722
0.021047	0.0203575	2.1287	-0.018413	-0.905722
0.021047	0.0203575	2.1287	-0.018413	-0.905722
0.021047	0.0203575	2.1287	-0.018413	-0.905722
0.021047	0.0203575	2.1287	-0.018413	-0.905722
0.021047	0.0203575	2.1287	-0.018413	-0.905722
0.021047	0.0203575	2.1287	-0.018413	-0.905722
0.021047	0.0203575	2.1287	-0.018413	-0.905722
0.0204645	0.0186674	2.11461	-0.00613005	-0.87744
0.0204645	0.0186674	2.11461	-0.00613005	-0.87744
0.0204645	0.0186674	2.11461	-0.00613005	-0.87744
0.0204645	0.0186674	2.11461	-0.00613005	-0.87744
0.0204645	0.0186674	2.11461	-0.00613005	-0.87744
0.0204645	0.0186674	2.11461	-0.00613005	-0.87744
0.0204645	0.0186674	2.11461	-0.00613005	-0.87744
0.0204645	0.0186674	2.11461	-0.00613005	-0.87744
0.0204645	0.0186674	2.11461	-0.00613005	-0.87744
0.0204645	0.0186674	2.11461	-0.00613005	-0.87744
0.0201669	0.0180149	2.10007	-0.0530458	-1.02694
0.0201669	0.0180149	2.10007	-0.0530458	-1.02694
0.0201669	0.0180149	2.10007	-0.0530458	-1.02694
0.0201669	0.0180149	2.10007	-0.0530458	-1.02694
0.0201669	0.0180149	2.10007	-0.0530458	-1.02694
0.0201669	0.0180149	2.10007	-0.0530458	-1.02694
0.0201669	0.0180149	2.10007	-0.0530458	-1.02694
0.0201669	0.0180149	2.10007	-0.0530458	-1.02694
0.0201669	0.0180149	2.10007	-0.0530458	-1.02694
0.0201669	0.0180149	2.10007	-0.0530458	-1.02694
0.0176815	0.0137467	2.08809	-0.0495863	-0.956681
0.0176815	0.0137467	2.08809	-0.0495863	-0.956681
0.0176815	0.0137467	2.08809	-0.0495863	-0.956681
0.0176815	0.0137467	2.08809	-0.0495863	-0.956681
0.0176815	0.0137467	2.08809	-0.0495863	-0.956681
0.0176815	0.0137467	2.08809	-0.0495863	-0.956681
0.0176815	0.0137467	2.08809	-0.0495863	-0.956681
0.0176815	0.0137467	2.08809	-0.0495863	-0.956681
0.0176815	0.0137467	2.08809	-0.0495863	-0.956681
0.0176815	0.0137467	2.08809	-0.0495863	-0.956681
0.0144597	0.00931575	2.0766	0.192733	-1.05919
0.0144597	0.00931575	2.0766	0.192733	-1.05919
0.0144597	0.00931575	2.0766	0.192733	-1.05919
0.0144597	0.00931575	2.0766	0.192733	-1.05919
0.0144597	0.00931575	2.0766	0.192733	-1.05919
0.0144597	0.00931575	2.0766	0.192733	-1.05919
0.0144597	0.00931575	2.0766	0.192733	-1.05919
0.0144597	0.00931575	2.0766	0.192733	-1.05919
0.0144597	0.00931575	2.0766	0.192733	-1.05919
0.0144597	0.00931575	2.0766	0.192733	-1.05919
0.0270281	0.0232742	2.06677	0.060049	-1.03219
0.0270281	0.0232742	2.06677	0.060049	-1.03219
0.0270281	0.0232742	2.06677	0.060049	-1.03219
0.0270281	0.0232742	2.06677	0.060049	-1.03219
0.0270281	0.0232742	2.06677	0.060049	-1.03219
0.0270281	0.0232742	2.06677	0.060049	-1.03219
0.0270281	0.0232742	2.06677	0.060049	-1.03219
0.0270281	0.0232742	2.06677	0.060049	-1.03219
0.0270281	0.0232742	2.06677	0.060049	-1.03219
0.0270281	0.0232742	2.06677	0.060049	-1.03219
0.0312489	0.0270934	2.05888	-0.0352371	-0.974946
0.0312489	0.0270934	2.05888	-0.0352371	-0.974946
0.0312489	0.0270934	2.05888	-0.0352371	-0.974946
0.0312489	0.0270934	2.05888	-0.0352371	-0.974946
0.0312489	0.0270934	2.05888	-0.0352371	-0.974946
0.0312489	0.0270934	2.05888	-0.0352371	-0.974946
0.0312489	0.0270934	2.05888	-0.0352371	-0.974946
0.0312489	0.0270934	2.05888	-0.0352371	-0.974946
0.0312489	0.0270934	2.05888	-0.0352371	-0.974946
0.0312489	0.0270934	2.05888	-0.0352371	-0.974946
0.0286144	0.0251296	2.05269	0.00423921	-0.911574
0.0286144	0.0251296	2.05269	0.00423921	-0.911574
0.0286144	0.0251296	2.05269	0.00423921	-0.911574
0.0286144	0.0251296	2.05269	0.00423921	-0.911574
0.0286144	0.0251296	2.05269	0.00423921	-0.911574
0.0286144	0.0251296	2.05269	0.00423921	-0.911574
0.0286144	0.0251296	2.05269	0.00423921	-0.911574
0.0286144	0.0251296	2.05269	0.00423921	-0.911574
0.0286144	0.0251296	2.05269	0.00423921	-0.911574
0.0286144	0.0251296	2.05269	0.00423921	-0.911574
0.0290299	0.0253806	2.04661	0.0480237	-1.04466
0.0290299	0.0253806	2.04661	0.0480237	-1.04466
0.0290299	0.0253806	2.04661	0.0480237	-1.04466
0.0290299	0.0253806	2.04661	0.0480237	-1.04466
0.0290299	0.0253806	2.04661	0.0480237	-1.04466
0.0290299	0.0253806	2.04661	0.0480237	-1.04466
0.0290299	0.0253806	2.04661	0.0480237	-1.04466
0.0290299	0.0253806	2.04661	0.0480237	-1.04466
0.0290299	0.0253806	2.04661	0.0480237	-1.04466
0.0290299	0.0253806	2.04661	0.0480237	-1.04466
0.0316913	0.026687	2.04357	-0.125468	-0.645984
0.0316913	0.026687	2.04357	-0.125468	-0.645984
0.0316913	0.026687	2.04357	-0.125468	-0.645984
0.0316913	0.026687	2.04357	-0.125468	-0.645984
0.0316913	0.026687	2.04357	-0.125468	-0.645984
0.0316913	0.026687	2.04357	-0.125468	-0.645984
0.0316913	0.026687	2.04357	-0.125468	-0.645984
0.0316913	0.026687	2.04357	-0.125468	-0.645984
0.0316913	0.026687	2.04357	-0.125468	-0.645984
0.0316913	0.026687	2.04357	-0.125468	-0.645984
0.0160789	0.020436	2.04019	0.0647633	-0.866235
0.0160789	0.020436	2.04019	0.0647633	-0.866235
0.0160789	0.020436	2.04019	0.0647633	-0.866235
0.0160789	0.020436	2.04019	0.0647633	-0.866235
0.0160789	0.020436	2.04019	0.0647633	-0.866235
0.0160789	0.020436	2.04019	0.0647633	-0.866235
0.0160789	0.020436	2.04019	0.0647633	-0.866235
0.0160789	0.020436	2.04019	0.0647633	-0.866235
0.0160789	0.020436	2.04019	0.0647633	-0.866235
0.0160789	0.020436	2.04019	0.0647633	-0.866235
0.0221404	0.0222794	2.03764	0.0847152	-0.847489
0.0221404	0.0222794	2.03764	0.0847152	-0.847489
0.0221404	0.0222794	2.03764	0.0847152	-0.847489
0.0221404	0.0222794	2.03764	0.0847152	-0.847489
0.0221404	0.0222794	2.03764	0.0847152	-0.847489
0.0221404	0.0222794	2.03764	0.0847152	-0.847489
0.0221404	0.0222794	2.03764	0.0847152	-0.847489
0.0221404	0.0222794	2.03764	0.0847152	-0.847489
0.0221404	0.0222794	2.03764	0.0847152	-0.847489
0.0221404	0.0222794	2.03764	0.0847152	-0.847489
0.0298773	0.0239499	2.03594	0.0979224	-0.789903
0.0298773	0.0239499	2.03594	0.0979224	-0.789903
0.0298773	0.0239499	2.03594	0.0979224	-0.789903
0.0298773	0.0239499	2.03594	0.0979224	-0.789903
0.0298773	0.0239499	2.03594	0.0979224	-0.789903
0.0298773	0.0239499	2.03594	0.0979224	-0.789903
0.0298773	0.0239499	2.03594	0.0979224	-0.789903
0.0298773	0.0239499	2.03594	0.0979224	-0.789903
0.0298773	0.0239499	2.03594	0.0979224	-0.789903
0.0298773	0.0239499	2.03594	0.0979224	-0.789903
0.0388366	0.0251812	2.03495	0.184903	-0.731623
0.0388366	0.0251812	2.03495	0.184903	-0.731623
0.0388366	0.0251812	2.03495	0.184903	-0.731623
0.0388366	0.0251812	2.03495	0.184903	-0.731623
0.0388366	0.0251812	2.03495	0.184903	-0.731623
0.0388366	0.0251812	2.03495	0.184903	-0.731623
0.0388366	0.0251812	2.03495	0.184903	-0.731623
0.0388366	0.0251812	2.03495	0.184903	-0.731623
0.0388366	0.0251812	2.03495	0.184903	-0.731623
0.0388366	0.0251812	2.03495	0.184903	-0.731623
0.0503859	0.0260784	2.03459	-0.000810443	-0.456198
0.0503859	0.0260784	2.03459	-0.000810443	-0.456198
0.0503859	0.0260784	2.03459	-0.000810443	-0.456198
0.0503859	0.0260784	2.03459	-0.000810443	-0.456198
0.0503859	0.0260784	2.03459	-0.000810443	-0.456198
0.0503859	0.0260784	2.03459	-0.000810443	-0.456198
0.0503859	0.0260784	2.03459	-0.000810443	-0.456198
0.0503859	0.0260784	2.03459	-0.000810443	-0.456198
0.0503859	0.0260784	2.03459	-0.000810443	-0.456198
0.0503859	0.0260784	2.03459	-0.000810443	-0.456198
0.0503231	0.0260761	2.03446	-0.018579	-0.355208
0.0503231	0.0260761	2.03446	-0.018579	-0.355208
0.0503231	0.0260761	2.03446	-0.018579	-0.355208
0.0503231	0.0260761	2.03446	-0.018579	-0.355208
0.0503231	0.0260761	2.03446	-0.018579	-0.355208
0.0503231	0.0260761	2.03446	-0.018579	-0.355208
0.0503231	0.0260761	2.03446	-0.018579	-0.355208
0.0503231	0.0260761	2.03446	-0.018579	-0.355208
0.0503231	0.0260761	2.03446	-0.018579	-0.355208
0.0503231	0.0260761	2.03446	-0.018579	-0.355208
0.0483693	0.0260764	-2.03446	0.0493736	-0.371639
0.0483693	0.0260764	-2.03446	0.0493736	-0.371639
0.0483693	0.0260764	-2.03446	0.0493736	-0.371639
0.0483693	0.0260764	-2.03446	0.0493736	-0.371639
0.0483693	0.0260764	-2.03446	0.0493736	-0.371639
0.0483693	0.0260764	-2.03446	0.0493736	-0.371639
0.0483693	0.0260764	-2.03446	0.0493736	-0.371639
0.0483693	0.0260764	-2.03446	0.0493736	-0.371639
0.0483693	0.0260764	-2.03446	0.0493736	-0.371639
0.0483693	0.0260764	-2.03446	0.0493736	-0.371639
0.0517764	0.0259677	-2.03454	0.0118713	-0.257947
0.0517764	0.0259677	-2.03454	0.0118713	-0.257947
0.0517764	0.0259677	-2.03454	0.0118713	-0.257947
0.0517764	0.0259677	-2.03454	0.0118713	-0.257947
0.0517764	0.0259677	-2.03454	0.0118713	-0.257947
0.0517764	0.0259677	-2.03454	0.0118713	-0.257947
0.0517764	0.0259677	-2.03454	0.0118713	-0.257947
0.0517764	0.0259677	-2.03454	0.0118713	-0.257947
0.0517764	0.0259677	-2.03454	0.0118713	-0.257947
0.0517764	0.0259677	-2.03454	0.0118713	-0.257947
0.052518	0.0259284	-2.03463	-0.0376757	-0.161521
0.052518	0.0259284	-2.03463	-0.0376757	-0.161521
0.052518	0.0259284	-2.03463	-0.0376757	-0.161521
0.052518	0.0259284	-2.03463	-0.0376757	-0.161521
0.052518	0.0259284	-2.03463	-0.0376757	-0.161521
0.052518	0.0259284	-2.03463	-0.0376757	-0.161521
0.052518	0.0259284	-2.03463	-0.0376757	-0.161521
0.052518	0.0259284	-2.03463	-0.0376757	-0.161521
0.052518	0.0259284	-2.03463	-0.0376757	-0.161521
0.052518	0.0259284	-2.03463	-0.0376757	-0.161521
0.050495	0.0260598	-2.03468	-0.0181721	-0.08664
0.050495	0.0260598	-2.03468	-0.0181721	-0.08664
0.050495	0.0260598	-2.03468	-0.0181721	-0.08664
0.050495	0.0260598	-2.03468	-0.0181721	-0.08664
0.050495	0.0260598	-2.03468	-0.0181721	-0.08664
0.050495	0.0260598	-2.03468	-0.0181721	-0.08664
0.050495	0.0260598	-2.03468	-0.0181721	-0.08664
0.050495	0.0260598	-2.03468	-0.0181721	-0.08664
0.050495	0.0260598	-2.03468	-0.0181721	-0.08664
0.050495	0.0260598	-2.03468	-0.0181721	-0.08664
0.0509032	0.0260319	-2.03467	0.0207403	0.0194551
0.0509032	0.0260319	-2.03467	0.0207403	0.0194551
0.0509032	0.0260319	-2.03467	0.0207403	0.0194551
0.0509032	0.0260319	-2.03467	0.0207403	0.0194551
0.0509032	0.0260319	-2.03467	0.0207403	0.0194551
0.0509032	0.0260319	-2.03467	0.0207403	0.0194551
0.0509032	0.0260319	-2.03467	0.0207403	0.0194551
0.0509032	0.0260319	-2.03467	0.0207403	0.0194551
0.0509032	0.0260319	-2.03467	0.0207403	0.0194551
0.0509032	0.0260319	-2.03467	0.0207403	0.0194551
0.063213	0.0252741	-2.0346	0.0033571	0.115998
0.063213	0.0252741	-2.0346	0.0033571	0.115998
0.063213	0.0252741	-2.0346	0.0033571	0.115998
0.063213	0.0252741	-2.0346	0.0033571	0.115998
0.063213	0.0252741	-2.0346	0.0033571	0.115998
0.063213	0.0252741	-2.0346	0.0033571	0.115998
0.063213	0.0252741	-2.0346	0.0033571	0.115998
0.063213	0.0252741	-2.0346	0.0033571	0.115998
0.063213	0.0252741	-2.0346	0.0033571	0.115998
0.063213	0.0252741	-2.0346	0.0033571	0.115998
0.0638047	0.0252473	-2.0345	0.00931435	0.205363
0.0638047	0.0252473	-2.0345	0.00931435	0.205363
0.0638047	0.0252473	-2.0345	0.00931435	0.205363
0.0638047	0.0252473	-2.0345	0.00931435	0.205363
0.0638047	0.0252473	-2.0345	0.00931435	0.205363
0.0638047	0.0252473	-2.0345	0.00931435	0.205363
0.0638047	0.0252473	-2.0345	0.00931435	0.205363
0.0638047	0.0252473	-2.0345	0.00931435	0.205363
0.0638047	0.0252473	-2.0345	0.00931435	0.205363
0.0638047	0.0252473	-2.0345	0.00931435	0.205363
0.0653573	0.0252198	-2.03444	-0.0286725	0.342335
0.0653573	0.0252198	-2.03444	-0.0286725	0.342335
0.0653573	0.0252198	-2.03444	-0.0286725	0.342335
0.0653573	0.0252198	-2.03444	-0.0286725	0.342335
0.0653573	0.0252198	-2.03444	-0.0286725	0.342335
0.0653573	0.0252198	-2.03444	-0.0286725	0.342335
0.0653573	0.0252198	-2.03444	-0.0286725	0.342335
0.0653573	0.0252198	-2.03444	-0.0286725	0.342335
0.0653573	0.0252198	-2.03444	-0.0286725	0.342335
0.0653573	0.0252198	-2.03444	-0.0286725	0.342335
0.0618076	0.0251456	2.03453	-0.0237123	0.422161
0.0618076	0.0251456	2.03453	-0.0237123	0.422161
0.0618076	0.0251456	2.03453	-0.0237123	0.422161
0.0618076	0.0251456	2.03453	-0.0237123	0.422161
0.0618076	0.0251456	2.03453	-0.0237123	0.422161
0.0618076	0.0251456	2.03453	-0.0237123	0.422161
0.0618076	0.0251456	2.03453	-0.0237123	0.422161
0.0618076	0.0251456	2.03453	-0.0237123	0.422161
0.0618076	0.0251456	2.03453	-0.0237123	0.422161
0.0618076	0.0251456	2.03453	-0.0237123	0.422161
0.0587217	0.0249298	2.03491	-0.0619773	0.552721
0.0587217	0.0249298	2.03491	-0.0619773	0.552721
0.0587217	0.0249298	2.03491	-0.0619773	0.552721
0.0587217	0.0249298	2.03491	-0.0619773	0.552721
0.0587217	0.0249298	2.03491	-0.0619773	0.552721
0.0587217	0.0249298	2.03491	-0.0619773	0.552721
0.0587217	0.0249298	2.03491	-0.0619773	0.552721
0.0587217	0.0249298	2.03491	-0.0619773	0.552721
0.0587217	0.0249298	2.03491	-0.0619773	0.552721
0.0587217	0.0249298	2.03491	-0.0619773	0.552721
0.0521279	0.0240931	2.03566	-0.0372942	0.589893
0.0521279	0.0240931	2.03566	-0.0372942	0.589893
0.0521279	0.0240931	2.03566	-0.0372942	0.589893
0.0521279	0.0240931	2.03566	-0.0372942	0.589893
0.0521279	0.0240931	2.03566	-0.0372942	0.589893
0.0521279	0.0240931	2.03566	-0.0372942	0.589893
0.0521279	0.0240931	2.03566	-0.0372942	0.589893
0.0521279	0.0240931	2.03566	-0.0372942	0.589893
0.0521279	0.0240931	2.03566	-0.0372942	0.589893
0.0521279	0.0240931	2.03566	-0.0372942	0.589893
0.0477119	0.0232369	2.03705	-0.0191639	0.713371
0.0477119	0.0232369	2.03705	-0.0191639	0.713371
0.0477119	0.0232369	2.03705	-0.0191639	0.713371
0.0477119	0.0232369	2.03705	-0.0191639	0.713371
0.0477119	0.0232369	2.03705	-0.0191639	0.713371
0.0477119	0.0232369	2.03705	-0.0191639	0.713371
0.0477119	0.0232369	2.03705	-0.0191639	0.713371
0.0477119	0.0232369	2.03705	-0.0191639	0.713371
0.0477119	0.0232369	2.03705	-0.0191639	0.713371
0.0477119	0.0232369	2.03705	-0.0191639	0.713371
0.0457359	0.0226985	2.03913	0.00133387	0.764717
0.0457359	0.0226985	2.03913	0.00133387	0.764717
0.0457359	0.0226985	2.03913	0.00133387	0.764717
0.0457359	0.0226985	2.03913	0.00133387	0.764717
0.0457359	0.0226985	2.03913	0.00133387	0.764717
0.0457359	0.0226985	2.03913	0.00133387	0.764717
0.0457359	0.0226985	2.03913	0.00133387	0.764717
0.0457359	0.0226985	2.03913	0.00133387	0.764717
0.0457359	0.0226985	2.03913	0.00133387	0.764717
0.0457359	0.0226985	2.03913	0.00133387	0.764717
0.0458672	0.0227457	2.04198	-0.0849294	0.796041
0.0458672	0.0227457	2.04198	-0.0849294	0.796041
0.0458672	0.0227457	2.04198	-0.0849294	0.796041
0.0458672	0.0227457	2.04198	-0.0849294	0.796041
0.0458672	0.0227457	2.04198	-0.0849294	0.796041
0.0458672	0.0227457	2.04198	-0.0849294	0.796041
0.0458672	0.0227457	2.04198	-0.0849294	0.796041
0.0458672	0.0227457	2.04198	-0.0849294	0.796041
0.0458672	0.0227457	2.04198	-0.0849294	0.796041
0.0458672	0.0227457	2.04198	-0.0849294	0.796041
0.0374417	0.0188868	2.04582	0.0403661	0.8687
0.0374417	0.0188868	2.04582	0.0403661	0.8687
0.0374417	0.0188868	2.04582	0.0403661	0.8687
0.0374417	0.0188868	2.04582	0.0403661	0.8687
0.0374417	0.0188868	2.04582	0.0403661	0.8687
0.0374417	0.0188868	2.04582	0.0403661	0.8687
0.0374417	0.0188868	2.04582	0.0403661	0.8687
0.0374417	0.0188868	2.04582	0.0403661	0.8687
0.0374417	0.0188868	2.04582	0.0403661	0.8687
0.0374417	0.0188868	2.04582	0.0403661	0.8687
0.0414555	0.0211986	2.05124	-0.0892994	1.00234
0.0414555	0.0211986	2.05124	-0.0892994	1.00234
0.0414555	0.0211986	2.05124	-0.0892994	1.00234
0.0414555	0.0211986	2.05124	-0.0892994	1.00234
0.0414555	0.0211986	2.05124	-0.0892994	1.00234
0.0414555	0.0211986	2.05124	-0.0892994	1.00234
0.0414555	0.0211986	2.05124	-0.0892994	1.00234
0.0414555	0.0211986	2.05124	-0.0892994	1.00234
0.0414555	0.0211986	2.05124	-0.0892994	1.00234
0.0414555	0.0211986	2.05124	-0.0892994	1.00234
0.0337263	0.0156152	2.05834	-0.0592952	1.06584
0.0337263	0.0156152	2.05834	-0.0592952	1.06584
0.0337263	0.0156152	2.05834	-0.0592952	1.06584
0.0337263	0.0156152	2.05834	-0.0592952	1.06584
0.0337263	0.0156152	2.05834	-0.0592952	1.06584
0.0337263	0.0156152	2.05834	-0.0592952	1.06584
0.0337263	0.0156152	2.05834	-0.0592952	1.06584
0.0337263	0.0156152	2.05834	-0.0592952	1.06584
0.0337263	0.0156152	2.05834	-0.0592952	1.06584
0.0337263	0.0156152	2.05834	-0.0592952	1.06584
0.0303499	0.0126599	2.06467	-0.0148991	0.811371
0.0303499	0.0126599	2.06467	-0.0148991	0.811371
0.0303499	0.0126599	2.06467	-0.0148991	0.811371
0.0303499	0.0126599	2.06467	-0.0148991	0.811371
0.0303499	0.0126599	2.06467	-0.0148991	0.811371
0.0303499	0.0126599	2.06467	-0.0148991	0.811371
0.0303499	0.0126599	2.06467	-0.0148991	0.811371
0.0303499	0.0126599	2.06467	-0.0148991	0.811371
0.0303499	0.0126599	2.06467	-0.0148991	0.811371
0.0303499	0.0126599	2.06467	-0.0148991	0.811371
0.0290282	0.011266	2.07407	-0.0301478	1.0465
0.0290282	0.011266	2.07407	-0.0301478	1.0465
0.0290282	0.011266	2.07407	-0.0301478	1.0465
0.0290282	0.011266	2.07407	-0.0301478	1.0465
0.0290282	0.011266	2.07407	-0.0301478	1.0465
0.0290282	0.011266	2.07407	-0.0301478	1.0465
0.0290282	0.011266	2.07407	-0.0301478	1.0465
0.0290282	0.011266	2.07407	-0.0301478	1.0465
0.0290282	0.011266	2.07407	-0.0301478	1.0465
0.0290282	0.011266	2.07407	-0.0301478	1.0465
0.027193	0.00887511	2.08495	-0.191059	1.04489
0.027193	0.00887511	2.08495	-0.191059	1.04489
0.027193	0.00887511	2.08495	-0.191059	1.04489
0.027193	0.00887511	2.08495	-0.191059	1.04489
0.027193	0.00887511	2.08495	-0.191059	1.04489
0.027193	0.00887511	2.08495	-0.191059	1.04489
0.027193	0.00887511	2.08495	-0.191059	1.04489
0.027193	0.00887511	2.08495	-0.191059	1.04489
0.027193	0.00887511	2.08495	-0.191059	1.04489
0.027193	0.00887511	2.08495	-0.191059	1.04489
0.0178767	-0.00615901	2.0966	-0.0485947	0.967294
0.0178767	-0.00615901	2.0966	-0.0485947	0.967294
0.0178767	-0.00615901	2.0966	-0.0485947	0.967294
0.0178767	-0.00615901	2.0966	-0.0485947	0.967294
0.0178767	-0.00615901	2.0966	-0.0485947	0.967294
0.0178767	-0.00615901	2.0966	-0.0485947	0.967294
0.0178767	-0.00615901	2.0966	-0.0485947	0.967294
0.0178767	-0.00615901	2.0966	-0.0485947	0.967294
0.0178767	-0.00615901	2.0966	-0.0485947	0.967294
0.0178767	-0.00615901	2.0966	-0.0485947	0.967294
0.0159067	-0.010114	2.10861	0.0279044	0.881051
0.0159067	-0.010114	2.10861	0.0279044	0.881051
0.0159067	-0.010114	2.10861	0.0279044	0.881051
0.0159067	-0.010114	2.10861	0.0279044	0.881051
0.0159067	-0.010114	2.10861	0.0279044	0.881051
0.0159067	-0.010114	2.10861	0.0279044	0.881051
0.0159067	-0.010114	2.10861	0.0279044	0.881051
0.0159067	-0.010114	2.10861	0.0279044	0.881051
0.0159067	-0.010114	2.10861	0.0279044	0.881051
0.0159067	-0.010114	2.10861	0.0279044	0.881051
0.0169952	-0.00730633	2.12296	-0.190255	0.952563
0.0169952	-0.00730633	2.12296	-0.190255	0.952563
0.0169952	-0.00730633	2.12296	-0.190255	0.952563
0.0169952	-0.00730633	2.12296	-0.190255	0.952563
0.0169952	-0.00730633	2.12296	-0.190255	0.952563
0.0169952	-0.00730633	2.12296	-0.190255	0.952563
0.0169952	-0.00730633	2.12296	-0.190255	0.952563
0.0169952	-0.00730633	2.12296	-0.190255	0.952563
0.0169952	-0.00730633	2.12296	-0.190255	0.952563
0.0169952	-0.00730633	2.12296	-0.190255	0.952563
0.0123743	-0.0233036	2.13707	-0.0548996	0.831797
0.0123743	-0.0233036	2.13707	-0.0548996	0.831797
0.0123743	-0.0233036	2.13707	-0.0548996	0.831797
0.0123743	-0.0233036	2.13707	-0.0548996	0.831797
0.0123743	-0.0233036	2.13707	-0.0548996	0.831797
0.0123743	-0.0233036	2.13707	-0.0548996	0.831797
0.0123743	-0.0233036	2.13707	-0.0548996	0.831797
0.0123743	-0.0233036	2.13707	-0.0548996	0.831797
0.0123743	-0.0233036	2.13707	-0.0548996	0.831797
0.0123743	-0.0233036	2.13707	-0.0548996	0.831797
0.0113299	-0.0284674	2.15212	-0.00243506	0.798733
0.0113299	-0.0284674	2.15212	-0.00243506	0.798733
0.0113299	-0.0284674	2.15212	-0.00243506	0.798733
0.0113299	-0.0284674	2.15212	-0.00243506	0.798733
0.0113299	-0.0284674	2.15212	-0.00243506	0.798733
0.0113299	-0.0284674	2.15212	-0.00243506	0.798733
0.0113299	-0.0284674	2.15212	-0.00243506	0.798733
0.0113299	-0.0284674	2.15212	-0.00243506	0.798733
0.0113299	-0.0284674	2.15212	-0.00243506	0.798733
0.0113299	-0.0284674	2.15212	-0.00243506	0.798733
0.0112999	-0.0287238	2.16974	-0.0309585	0.847317
0.0112999	-0.0287238	2.16974	-0.0309585	0.847317
0.0112999	-0.0287238	2.16974	-0.0309585	0.847317
0.0112999	-0.0287238	2.16974	-0.0309585	0.847317
0.0112999	-0.0287238	2.16974	-0.0309585	0.847317
0.0112999	-0.0287238	2.16974	-0.0309585	0.847317
0.0112999	-0.0287238	2.16974	-0.0309585	0.847317
0.0112999	-0.0287238	2.16974	-0.0309585	0.847317
0.0112999	-0.0287238	2.16974	-0.0309585	0.847317
0.0112999	-0.0287238	2.16974	-0.0309585	0.847317
0.0112038	-0.0317498	2.18871	-0.00729364	0.83085
0.0112038	-0.0317498	2.18871	-0.00729364	0.83085
0.0112038	-0.0317498	2.18871	-0.00729364	0.83085
0.0112038	-0.0317498	2.18871	-0.00729364	0.83085
0.0112038	-0.0317498	2.18871	-0.00729364	0.83085
0.0112038	-0.0317498	2.18871	-0.00729364	0.83085
0.0112038	-0.0317498	2.18871	-0.00729364	0.83085
0.0112038	-0.0317498	2.18871	-0.00729364	0.83085
0.0112038	-0.0317498	2.18871	-0.00729364	0.83085
0.0112038	-0.0317498	2.18871	-0.00729364	0.83085
0.0112322	-0.0323707	2.20604	0.11398	0.707397
0.0112322	-0.0323707	2.20604	0.11398	0.707397
0.0112322	-0.0323707	2.20604	0.11398	0.707397
0.0112322	-0.0323707	2.20604	0.11398	0.707397
0.0112322	-0.0323707	2.20604	0.11398	0.707397
0.0112322	-0.0323707	2.20604	0.11398	0.707397
0.0112322	-0.0323707	2.20604	0.11398	0.707397
0.0112322	-0.0323707	2.20604	0.11398	0.707397
0.0112322	-0.0323707	2.20604	0.11398	0.707397
0.0112322	-0.0323707	2.20604	0.11398	0.707397
0.0100357	-0.0218236	2.22365	0.019917	0.659007
0.0100357	-0.0218236	2.22365	0.019917	0.659007
0.0100357	-0.0218236	2.22365	0.019917	0.659007
0.0100357	-0.0218236	2.22365	0.019917	0.659007
0.0100357	-0.0218236	2.22365	0.019917	0.659007
0.0100357	-0.0218236	2.22365	0.019917	0.659007
0.0100357	-0.0218236	2.22365	0.019917	0.659007
0.0100357	-0.0218236	2.22365	0.019917	0.659007
0.0100357	-0.0218236	2.22365	0.019917	0.659007
0.0100357	-0.0218236	2.22365	0.019917	0.659007
0.00968921	-0.0198968	2.24233	3.81104e-05	0.64652
0.00968921	-0.0198968	2.24233	3.81104e-05	0.64652
0.00968921	-0.0198968	2.24233	3.81104e-05	0.64652
0.00968921	-0.0198968	2.24233	3.81104e-05	0.64652
0.00968921	-0.0198968	2.24233	3.81104e-05	0.64652
0.00968921	-0.0198968	2.24233	3.81104e-05	0.64652
0.00968921	-0.0198968	2.24233	3.81104e-05	0.64652
0.00968921	-0.0198968	2.24233	3.81104e-05	0.64652
0.00968921	-0.0198968	2.24233	3.81104e-05	0.64652
0.00968921	-0.0198968	2.24233	3.81104e-05	0.64652
0.00968856	-0.0198941	2.25705	0.00735368	0.475297
0.00968856	-0.0198941	2.25705	0.00735368	0.475297
0.00968856	-0.0198941	2.25705	0.00735368	0.475297
0.00968856	-0.0198941	2.25705	0.00735368	0.475297
0.00968856	-0.0198941	2.25705	0.00735368	0.475297
0.00968856	-0.0198941	2.25705	0.00735368	0.475297
0.00968856	-0.0198941	2.25705	0.00735368	0.475297
0.00968856	-0.0198941	2.25705	0.00735368	0.475297
0.00968856	-0.0198941	2.25705	0.00735368	0.475297
0.00968856	-0.0198941	2.25705	0.00735368	0.475297
0.00951766	-0.0192944	2.27076	0.0899544	0.402555
0.00951766	-0.0192944	2.27076	0.0899544	0.402555
0.00951766	-0.0192944	2.27076	0.0899544	0.402555
0.00951766	-0.0192944	2.27076	0.0899544	0.402555
0.00951766	-0.0192944	2.27076	0.0899544	0.402555
0.00951766	-0.0192944	2.27076	0.0899544	0.402555
0.00951766	-0.0192944	2.27076	0.0899544	0.402555
0.00951766	-0.0192944	2.27076	0.0899544	0.402555
0.00951766	-0.0192944	2.27076	0.0899544	0.402555
0.00951766	-0.0192944	2.27076	0.0899544	0.402555
0.00727971	-0.0124432	2.28181	-0.0192509	0.322921
0.00727971	-0.0124432	2.28181	-0.0192509	0.322921
0.00727971	-0.0124432	2.28181	-0.0192509	0.322921
0.00727971	-0.0124432	2.28181	-0.0192509	0.322921
0.00727971	-0.0124432	2.28181	-0.0192509	0.322921
0.00727971	-0.0124432	2.28181	-0.0192509	0.322921
0.00727971	-0.0124432	2.28181	-0.0192509	0.322921
0.00727971	-0.0124432	2.28181	-0.0192509	0.322921
0.00727971	-0.0124432	2.28181	-0.0192509	0.322921
0.00727971	-0.0124432	2.28181	-0.0192509	0.322921
0.00777883	-0.0138344	2.29044	-0.00823543	0.247379
0.00777883	-0.0138344	2.29044	-0.00823543	0.247379
0.00777883	-0.0138344	2.29044	-0.00823543	0.247379
0.00777883	-0.0138344	2.29044	-0.00823543	0.247379
0.00777883	-0.0138344	2.29044	-0.00823543	0.247379
0.00777883	-0.0138344	2.29044	-0.00823543	0.247379
0.00777883	-0.0138344	2.29044	-0.00823543	0.247379
0.00777883	-0.0138344	2.29044	-0.00823543	0.247379
0.00777883	-0.0138344	2.29044	-0.00823543	0.247379
0.00777883	-0.0138344	2.29044	-0.00823543	0.247379
0.00791412	-0.0141913	2.29453	-0.0289363	0.11495
0.00791412	-0.0141913	2.29453	-0.0289363	0.11495
0.00791412	-0.0141913	2.29453	-0.0289363	0.11495
0.00791412	-0.0141913	2.29453	-0.0289363	0.11495
0.00791412	-0.0141913	2.29453	-0.0289363	0.11495
0.00791412	-0.0141913	2.29453	-0.0289363	0.11495
0.00791412	-0.0141913	2.29453	-0.0289363	0.11495
0.00791412	-0.0141913	2.29453	-0.0289363	0.11495
0.00791412	-0.0141913	2.29453	-0.0289363	0.11495
0.00791412	-0.0141913	2.29453	-0.0289363	0.11495
0.00813644	-0.0147659	2.29541	0.00576668	0.0244628
0.00813644	-0.0147659	2.29541	0.00576668	0.0244628
0.00813644	-0.0147659	2.29541	0.00576668	0.0244628
0.00813644	-0.0147659	2.29541	0.00576668	0.0244628
0.00813644	-0.0147659	2.29541	0.00576668	0.0244628
0.00813644	-0.0147659	2.29541	0.00576668	0.0244628
0.00813644	-0.0147659	2.29541	0.00576668	0.0244628
0.00813644	-0.0147659	2.29541	0.00576668	0.0244628
0.00813644	-0.0147659	2.29541	0.00576668	0.0244628
0.00813644	-0.0147659	2.29541	0.00576668	0.0244628
0.00877572	-0.0164308	2.29269	-0.00536535	-0.0757428
0.00877572	-0.0164308	2.29269	-0.00536535	-0.0757428
0.00877572	-0.0164308	2.29269	-0.00536535	-0.0757428
0.00877572	-0.0164308	2.29269	-0.00536535	-0.0757428
0.00877572	-0.0164308	2.29269	-0.00536535	-0.0757428
0.00877572	-0.0164308	2.29269	-0.00536535	-0.0757428
0.00877572	-0.0164308	2.29269	-0.00536535	-0.0757428
0.00877572	-0.0164308	2.29269	-0.00536535	-0.0757428
0.00877572	-0.0164308	2.29269	-0.00536535	-0.0757428
0.00877572	-0.0164308	2.29269	-0.00536535	-0.0757428
0.00921014	-0.0176062	2.28645	0.0175794	-0.176794
0.00921014	-0.0176062	2.28645	0.0175794	-0.176794
0.00921014	-0.0176062	2.28645	0.0175794	-0.176794
0.00921014	-0.0176062	2.28645	0.0175794	-0.176794
0.00921014	-0.0176062	2.28645	0.0175794	-0.176794
0.00921014	-0.0176062	2.28645	0.0175794	-0.176794
0.00921014	-0.0176062	2.28645	0.0175794	-0.176794
0.00921014	-0.0176062	2.28645	0.0175794	-0.176794
0.00921014	-0.0176062	2.28645	0.0175794	-0.176794
0.00921014	-0.0176062	2.28645	0.0175794	-0.176794
0.00827798	-0.0148928	2.27652	-0.00284519	-0.286768
0.00827798	-0.0148928	2.27652	-0.00284519	-0.286768
0.00827798	-0.0148928	2.27652	-0.00284519	-0.286768
0.00827798	-0.0148928	2.27652	-0.00284519	-0.286768
0.00827798	-0.0148928	2.27652	-0.00284519	-0.286768
0.00827798	-0.0148928	2.27652	-0.00284519	-0.286768
0.00827798	-0.0148928	2.27652	-0.00284519	-0.286768
0.00827798	-0.0148928	2.27652	-0.00284519	-0.286768
0.00827798	-0.0148928	2.27652	-0.00284519	-0.286768
0.00827798	-0.0148928	2.27652	-0.00284519	-0.286768
0.00839436	-0.0152736	2.26321	-0.010693	-0.403483
0.00839436	-0.0152736	2.26321	-0.010693	-0.403483
0.00839436	-0.0152736	2.26321	-0.010693	-0.403483
0.00839436	-0.0152736	2.26321	-0.010693	-0.403483
0.00839436	-0.0152736	2.26321	-0.010693	-0.403483
0.00839436	-0.0152736	2.26321	-0.010693	-0.403483
0.00839436	-0.0152736	2.26321	-0.010693	-0.403483
0.00839436	-0.0152736	2.26321	-0.010693	-0.403483
0.00839436	-0.0152736	2.26321	-0.010693	-0.403483
0.00839436	-0.0152736	2.26321	-0.010693	-0.403483
0.0087259	-0.0165636	2.24727	-0.0105532	-0.500057
0.0087259	-0.0165636	2.24727	-0.0105532	-0.500057
0.0087259	-0.0165636	2.24727	-0.0105532	-0.500057
0.0087259	-0.0165636	2.24727	-0.0105532	-0.500057
0.0087259	-0.0165636	2.24727	-0.0105532	-0.500057
0.0087259	-0.0165636	2.24727	-0.0105532	-0.500057
