x	y	yaw	v	w
0	0	2.03444	0	0
0	0	2.03444	0	0
0	0	2.03444	0	0
0	0	2.03444	0	0
0	0	2.03444	0	0
0	0	2.03444	0	0
0	0	2.03444	0	0
0	0	2.03444	0	0
0	0	-2.03445	0	0.198669
0	0	-2.03445	0	0.198669
0	0	-2.03445	0	0.198669
0	0	-2.03445	0	0.198669
0	0	-2.03445	0	0.198669
0	0	-2.03445	0	0.198669
0	0	-2.03445	0	0.198669
0	0	-2.03445	0	0.198669
0	0	-2.03445	0	0.198669
0	0	-2.03445	0	0.198669
0	0	2.03446	0.00294264	0.261865
0	0	2.03446	0.00294264	0.261865
0	0	2.03446	0.00294264	0.261865
0	0	2.03446	0.00294264	0.261865
0	0	2.03446	0.00294264	0.261865
0	0	2.03446	0.00294264	0.261865
0	0	2.03446	0.00294264	0.261865
0	0	2.03446	0.00294264	0.261865
0	0	2.03446	0.00294264	0.261865
0	0	2.03446	0.00294264	0.261865
0.000489309	1.96019e-05	2.03464	0.00320975	0.435635
0.000489309	1.96019e-05	2.03464	0.00320975	0.435635
0.000489309	1.96019e-05	2.03464	0.00320975	0.435635
0.000489309	1.96019e-05	2.03464	0.00320975	0.435635
0.000489309	1.96019e-05	2.03464	0.00320975	0.435635
0.000489309	1.96019e-05	2.03464	0.00320975	0.435635
0.000489309	1.96019e-05	2.03464	0.00320975	0.435635
0.000489309	1.96019e-05	2.03464	0.00320975	0.435635
0.000489309	1.96019e-05	2.03464	0.00320975	0.435635
0.000489309	1.96019e-05	2.03464	0.00320975	0.435635
0.00084595	5.06274e-05	2.03506	-0.00359686	0.484498
0.00084595	5.06274e-05	2.03506	-0.00359686	0.484498
0.00084595	5.06274e-05	2.03506	-0.00359686	0.484498
0.00084595	5.06274e-05	2.03506	-0.00359686	0.484498
0.00084595	5.06274e-05	2.03506	-0.00359686	0.484498
0.00084595	5.06274e-05	2.03506	-0.00359686	0.484498
0.00084595	5.06274e-05	2.03506	-0.00359686	0.484498
0.00084595	5.06274e-05	2.03506	-0.00359686	0.484498
0.00084595	5.06274e-05	2.03506	-0.00359686	0.484498
0.00084595	5.06274e-05	2.03506	-0.00359686	0.484498
0.000456126	-3.18e-06	2.03579	-0.000977612	0.531475
0.000456126	-3.18e-06	2.03579	-0.000977612	0.531475
0.000456126	-3.18e-06	2.03579	-0.000977612	0.531475
0.000456126	-3.18e-06	2.03579	-0.000977612	0.531475
0.000456126	-3.18e-06	2.03579	-0.000977612	0.531475
0.000456126	-3.18e-06	2.03579	-0.000977612	0.531475
0.000456126	-3.18e-06	2.03579	-0.000977612	0.531475
0.000456126	-3.18e-06	2.03579	-0.000977612	0.531475
0.000456126	-3.18e-06	2.03579	-0.000977612	0.531475
0.000456126	-3.18e-06	2.03579	-0.000977612	0.531475
0.000309287	-3.36244e-05	2.03746	0.0040839	0.817368
0.000309287	-3.36244e-05	2.03746	0.0040839	0.817368
0.000309287	-3.36244e-05	2.03746	0.0040839	0.817368
0.000309287	-3.36244e-05	2.03746	0.0040839	0.817368
0.000309287	-3.36244e-05	2.03746	0.0040839	0.817368
0.000309287	-3.36244e-05	2.03746	0.0040839	0.817368
0.000309287	-3.36244e-05	2.03746	0.0040839	0.817368
0.000309287	-3.36244e-05	2.03746	0.0040839	0.817368
0.000309287	-3.36244e-05	2.03746	0.0040839	0.817368
0.000309287	-3.36244e-05	2.03746	0.0040839	0.817368
0.000657205	6.69397e-05	2.03953	-0.00588918	0.724789
0.000657205	6.69397e-05	2.03953	-0.00588918	0.724789
0.000657205	6.69397e-05	2.03953	-0.00588918	0.724789
0.000657205	6.69397e-05	2.03953	-0.00588918	0.724789
0.000657205	6.69397e-05	2.03953	-0.00588918	0.724789
0.000657205	6.69397e-05	2.03953	-0.00588918	0.724789
0.000657205	6.69397e-05	2.03953	-0.00588918	0.724789
0.000657205	6.69397e-05	2.03953	-0.00588918	0.724789
0.000657205	6.69397e-05	2.03953	-0.00588918	0.724789
0.000657205	6.69397e-05	2.03953	-0.00588918	0.724789
0.000108051	-0.000135761	2.04213	0.00205479	0.720523
0.000108051	-0.000135761	2.04213	0.00205479	0.720523
0.000108051	-0.000135761	2.04213	0.00205479	0.720523
0.000108051	-0.000135761	2.04213	0.00205479	0.720523
0.000108051	-0.000135761	2.04213	0.00205479	0.720523
0.000108051	-0.000135761	2.04213	0.00205479	0.720523
0.000108051	-0.000135761	2.04213	0.00205479	0.720523
0.000108051	-0.000135761	2.04213	0.00205479	0.720523
0.000108051	-0.000135761	2.04213	0.00205479	0.720523
0.000108051	-0.000135761	2.04213	0.00205479	0.720523
0.000349564	-2.30807e-05	2.04632	0.0122511	0.926944
0.000349564	-2.30807e-05	2.04632	0.0122511	0.926944
0.000349564	-2.30807e-05	2.04632	0.0122511	0.926944
0.000349564	-2.30807e-05	2.04632	0.0122511	0.926944
0.000349564	-2.30807e-05	2.04632	0.0122511	0.926944
0.000349564	-2.30807e-05	2.04632	0.0122511	0.926944
0.000349564	-2.30807e-05	2.04632	0.0122511	0.926944
0.000349564	-2.30807e-05	2.04632	0.0122511	0.926944
0.000349564	-2.30807e-05	2.04632	0.0122511	0.926944
0.000349564	-2.30807e-05	2.04632	0.0122511	0.926944
0.0011482	0.000431709	2.0501	0.00367929	0.70268
0.0011482	0.000431709	2.0501	0.00367929	0.70268
0.0011482	0.000431709	2.0501	0.00367929	0.70268
0.0011482	0.000431709	2.0501	0.00367929	0.70268
0.0011482	0.000431709	2.0501	0.00367929	0.70268
0.0011482	0.000431709	2.0501	0.00367929	0.70268
0.0011482	0.000431709	2.0501	0.00367929	0.70268
0.0011482	0.000431709	2.0501	0.00367929	0.70268
0.0011482	0.000431709	2.0501	0.00367929	0.70268
0.0011482	0.000431709	2.0501	0.00367929	0.70268
0.00156263	0.000715712	2.05609	0.00355415	0.943437
0.00156263	0.000715712	2.05609	0.00355415	0.943437
0.00156263	0.000715712	2.05609	0.00355415	0.943437
0.00156263	0.000715712	2.05609	0.00355415	0.943437
0.00156263	0.000715712	2.05609	0.00355415	0.943437
0.00156263	0.000715712	2.05609	0.00355415	0.943437
0.00156263	0.000715712	2.05609	0.00355415	0.943437
0.00156263	0.000715712	2.05609	0.00355415	0.943437
0.00156263	0.000715712	2.05609	0.00355415	0.943437
0.00156263	0.000715712	2.05609	0.00355415	0.943437
0.00181992	0.000928628	2.0627	0.00322426	0.899448
0.00181992	0.000928628	2.0627	0.00322426	0.899448
0.00181992	0.000928628	2.0627	0.00322426	0.899448
0.00181992	0.000928628	2.0627	0.00322426	0.899448
0.00181992	0.000928628	2.0627	0.00322426	0.899448
0.00181992	0.000928628	2.0627	0.00322426	0.899448
0.00181992	0.000928628	2.0627	0.00322426	0.899448
0.00181992	0.000928628	2.0627	0.00322426	0.899448
0.00181992	0.000928628	2.0627	0.00322426	0.899448
0.00181992	0.000928628	2.0627	0.00322426	0.899448
0.00203518	0.00114063	2.07	-0.00280462	0.844601
0.00203518	0.00114063	2.07	-0.00280462	0.844601
0.00203518	0.00114063	2.07	-0.00280462	0.844601
0.00203518	0.00114063	2.07	-0.00280462	0.844601
0.00203518	0.00114063	2.07	-0.00280462	0.844601
0.00203518	0.00114063	2.07	-0.00280462	0.844601
0.00203518	0.00114063	2.07	-0.00280462	0.844601
0.00203518	0.00114063	2.07	-0.00280462	0.844601
0.00203518	0.00114063	2.07	-0.00280462	0.844601
0.00203518	0.00114063	2.07	-0.00280462	0.844601
0.00184425	0.000916585	2.07873	-0.0027262	0.886687
0.00184425	0.000916585	2.07873	-0.0027262	0.886687
0.00184425	0.000916585	2.07873	-0.0027262	0.886687
0.00184425	0.000916585	2.07873	-0.0027262	0.886687
0.00184425	0.000916585	2.07873	-0.0027262	0.886687
0.00184425	0.000916585	2.07873	-0.0027262	0.886687
0.00184425	0.000916585	2.07873	-0.0027262	0.886687
0.00184425	0.000916585	2.07873	-0.0027262	0.886687
0.00184425	0.000916585	2.07873	-0.0027262	0.886687
0.00184425	0.000916585	2.07873	-0.0027262	0.886687
0.00162302	0.000590857	2.09349	0.0166174	1.26342
0.00162302	0.000590857	2.09349	0.0166174	1.26342
0.00162302	0.000590857	2.09349	0.0166174	1.26342
0.00162302	0.000590857	2.09349	0.0166174	1.26342
0.00162302	0.000590857	2.09349	0.0166174	1.26342
0.00162302	0.000590857	2.09349	0.0166174	1.26342
0.00162302	0.000590857	2.09349	0.0166174	1.26342
0.00162302	0.000590857	2.09349	0.0166174	1.26342
0.00162302	0.000590857	2.09349	0.0166174	1.26342
0.00162302	0.000590857	2.09349	0.0166174	1.26342
0.00213632	0.00155476	2.10431	-0.00370492	0.839687
0.00213632	0.00155476	2.10431	-0.00370492	0.839687
0.00213632	0.00155476	2.10431	-0.00370492	0.839687
0.00213632	0.00155476	2.10431	-0.00370492	0.839687
0.00213632	0.00155476	2.10431	-0.00370492	0.839687
0.00213632	0.00155476	2.10431	-0.00370492	0.839687
0.00213632	0.00155476	2.10431	-0.00370492	0.839687
0.00213632	0.00155476	2.10431	-0.00370492	0.839687
0.00213632	0.00155476	2.10431	-0.00370492	0.839687
0.00213632	0.00155476	2.10431	-0.00370492	0.839687
0.00195239	0.00111195	2.12049	0.0207464	1.087
0.00195239	0.00111195	2.12049	0.0207464	1.087
0.00195239	0.00111195	2.12049	0.0207464	1.087
0.00195239	0.00111195	2.12049	0.0207464	1.087
0.00195239	0.00111195	2.12049	0.0207464	1.087
0.00195239	0.00111195	2.12049	0.0207464	1.087
0.00195239	0.00111195	2.12049	0.0207464	1.087
0.00195239	0.00111195	2.12049	0.0207464	1.087
0.00195239	0.00111195	2.12049	0.0207464	1.087
0.00195239	0.00111195	2.12049	0.0207464	1.087
0.00246537	0.00282049	2.13626	-0.00557373	0.93715
0.00246537	0.00282049	2.13626	-0.00557373	0.93715
0.00246537	0.00282049	2.13626	-0.00557373	0.93715
0.00246537	0.00282049	2.13626	-0.00557373	0.93715
0.00246537	0.00282049	2.13626	-0.00557373	0.93715
0.00246537	0.00282049	2.13626	-0.00557373	0.93715
0.00246537	0.00282049	2.13626	-0.00557373	0.93715
0.00246537	0.00282049	2.13626	-0.00557373	0.93715
0.00246537	0.00282049	2.13626	-0.00557373	0.93715
0.00246537	0.00282049	2.13626	-0.00557373	0.93715
0.00237156	0.00237003	2.15053	-0.00149144	0.760254
0.00237156	0.00237003	2.15053	-0.00149144	0.760254
0.00237156	0.00237003	2.15053	-0.00149144	0.760254
0.00237156	0.00237003	2.15053	-0.00149144	0.760254
0.00237156	0.00237003	2.15053	-0.00149144	0.760254
0.00237156	0.00237003	2.15053	-0.00149144	0.760254
0.00237156	0.00237003	2.15053	-0.00149144	0.760254
0.00237156	0.00237003	2.15053	-0.00149144	0.760254
0.00237156	0.00237003	2.15053	-0.00149144	0.760254
0.00237156	0.00237003	2.15053	-0.00149144	0.760254
0.00234972	0.00219003	2.16922	-0.00203792	0.928506
0.00234972	0.00219003	2.16922	-0.00203792	0.928506
0.00234972	0.00219003	2.16922	-0.00203792	0.928506
0.00234972	0.00219003	2.16922	-0.00203792	0.928506
0.00234972	0.00219003	2.16922	-0.00203792	0.928506
0.00234972	0.00219003	2.16922	-0.00203792	0.928506
0.00234972	0.00219003	2.16922	-0.00203792	0.928506
0.00234972	0.00219003	2.16922	-0.00203792	0.928506
0.00234972	0.00219003	2.16922	-0.00203792	0.928506
0.00234972	0.00219003	2.16922	-0.00203792	0.928506
0.00234346	0.00202896	2.18582	0.00481363	0.743891
0.00234346	0.00202896	2.18582	0.00481363	0.743891
0.00234346	0.00202896	2.18582	0.00481363	0.743891
0.00234346	0.00202896	2.18582	0.00481363	0.743891
0.00234346	0.00202896	2.18582	0.00481363	0.743891
0.00234346	0.00202896	2.18582	0.00481363	0.743891
0.00234346	0.00202896	2.18582	0.00481363	0.743891
0.00234346	0.00202896	2.18582	0.00481363	0.743891
0.00234346	0.00202896	2.18582	0.00481363	0.743891
0.00234346	0.00202896	2.18582	0.00481363	0.743891
0.00233163	0.0024328	2.20095	0.00762314	0.605807
0.00233163	0.0024328	2.20095	0.00762314	0.605807
0.00233163	0.0024328	2.20095	0.00762314	0.605807
0.00233163	0.0024328	2.20095	0.00762314	0.605807
0.00233163	0.0024328	2.20095	0.00762314	0.605807
0.00233163	0.0024328	2.20095	0.00762314	0.605807
0.00233163	0.0024328	2.20095	0.00762314	0.605807
0.00233163	0.0024328	2.20095	0.00762314	0.605807
0.00233163	0.0024328	2.20095	0.00762314	0.605807
0.00233163	0.0024328	2.20095	0.00762314	0.605807
0.00225326	0.00326867	2.21829	0.00571134	0.69001
0.00225326	0.00326867	2.21829	0.00571134	0.69001
0.00225326	0.00326867	2.21829	0.00571134	0.69001
0.00225326	0.00326867	2.21829	0.00571134	0.69001
0.00225326	0.00326867	2.21829	0.00571134	0.69001
0.00225326	0.00326867	2.21829	0.00571134	0.69001
0.00225326	0.00326867	2.21829	0.00571134	0.69001
0.00225326	0.00326867	2.21829	0.00571134	0.69001
0.00225326	0.00326867	2.21829	0.00571134	0.69001
0.00225326	0.00326867	2.21829	0.00571134	0.69001
0.00219476	0.00365633	2.2316	-0.00219345	0.465965
0.00219476	0.00365633	2.2316	-0.00219345	0.465965
0.00219476	0.00365633	2.2316	-0.00219345	0.465965
0.00219476	0.00365633	2.2316	-0.00219345	0.465965
0.00219476	0.00365633	2.2316	-0.00219345	0.465965
0.00219476	0.00365633	2.2316	-0.00219345	0.465965
0.00219476	0.00365633	2.2316	-0.00219345	0.465965
0.00219476	0.00365633	2.2316	-0.00219345	0.465965
0.00219476	0.00365633	2.2316	-0.00219345	0.465965
0.00219476	0.00365633	2.2316	-0.00219345	0.465965
0.00225367	0.00337206	2.24999	0.00218428	0.615176
0.00225367	0.00337206	2.24999	0.00218428	0.615176
0.00225367	0.00337206	2.24999	0.00218428	0.615176
0.00225367	0.00337206	2.24999	0.00218428	0.615176
0.00225367	0.00337206	2.24999	0.00218428	0.615176
0.00225367	0.00337206	2.24999	0.00218428	0.615176
0.00225367	0.00337206	2.24999	0.00218428	0.615176
0.00225367	0.00337206	2.24999	0.00218428	0.615176
0.00225367	0.00337206	2.24999	0.00218428	0.615176
0.00225367	0.00337206	2.24999	0.00218428	0.615176
0.00220785	0.00354423	2.26592	-0.00629543	0.513368
0.00220785	0.00354423	2.26592	-0.00629543	0.513368
0.00220785	0.00354423	2.26592	-0.00629543	0.513368
0.00220785	0.00354423	2.26592	-0.00629543	0.513368
0.00220785	0.00354423	2.26592	-0.00629543	0.513368
0.00220785	0.00354423	2.26592	-0.00629543	0.513368
0.00220785	0.00354423	2.26592	-0.00629543	0.513368
0.00220785	0.00354423	2.26592	-0.00629543	0.513368
0.00220785	0.00354423	2.26592	-0.00629543	0.513368
0.00220785	0.00354423	2.26592	-0.00629543	0.513368
0.00232403	0.00316992	2.27646	-0.00102446	0.318249
0.00232403	0.00316992	2.27646	-0.00102446	0.318249
0.00232403	0.00316992	2.27646	-0.00102446	0.318249
0.00232403	0.00316992	2.27646	-0.00102446	0.318249
0.00232403	0.00316992	2.27646	-0.00102446	0.318249
0.00232403	0.00316992	2.27646	-0.00102446	0.318249
0.00232403	0.00316992	2.27646	-0.00102446	0.318249
0.00232403	0.00316992	2.27646	-0.00102446	0.318249
0.00232403	0.00316992	2.27646	-0.00102446	0.318249
0.00232403	0.00316992	2.27646	-0.00102446	0.318249
0.00235193	0.00308842	2.28564	0.000850578	0.267826
0.00235193	0.00308842	2.28564	0.000850578	0.267826
0.00235193	0.00308842	2.28564	0.000850578	0.267826
0.00235193	0.00308842	2.28564	0.000850578	0.267826
0.00235193	0.00308842	2.28564	0.000850578	0.267826
0.00235193	0.00308842	2.28564	0.000850578	0.267826
0.00235193	0.00308842	2.28564	0.000850578	0.267826
0.00235193	0.00308842	2.28564	0.000850578	0.267826
0.00235193	0.00308842	2.28564	0.000850578	0.267826
0.00235193	0.00308842	2.28564	0.000850578	0.267826
0.00233511	0.0031344	2.29109	-0.00313326	0.154336
0.00233511	0.0031344	2.29109	-0.00313326	0.154336
0.00233511	0.0031344	2.29109	-0.00313326	0.154336
0.00233511	0.0031344	2.29109	-0.00313326	0.154336
0.00233511	0.0031344	2.29109	-0.00313326	0.154336
0.00233511	0.0031344	2.29109	-0.00313326	0.154336
0.00233511	0.0031344	2.29109	-0.00313326	0.154336
0.00233511	0.0031344	2.29109	-0.00313326	0.154336
0.00233511	0.0031344	2.29109	-0.00313326	0.154336
0.00233511	0.0031344	2.29109	-0.00313326	0.154336
0.00237031	0.00304112	2.29287	-0.000762312	0.0490125
0.00237031	0.00304112	2.29287	-0.000762312	0.0490125
0.00237031	0.00304112	2.29287	-0.000762312	0.0490125
0.00237031	0.00304112	2.29287	-0.000762312	0.0490125
0.00237031	0.00304112	2.29287	-0.000762312	0.0490125
0.00237031	0.00304112	2.29287	-0.000762312	0.0490125
0.00237031	0.00304112	2.29287	-0.000762312	0.0490125
0.00237031	0.00304112	2.29287	-0.000762312	0.0490125
0.00237031	0.00304112	2.29287	-0.000762312	0.0490125
0.00237031	0.00304112	2.29287	-0.000762312	0.0490125
0.00234131	0.00311801	2.29098	-0.00025515	-0.0529399
0.00234131	0.00311801	2.29098	-0.00025515	-0.0529399
0.00234131	0.00311801	2.29098	-0.00025515	-0.0529399
0.00234131	0.00311801	2.29098	-0.00025515	-0.0529399
0.00234131	0.00311801	2.29098	-0.00025515	-0.0529399
0.00234131	0.00311801	2.29098	-0.00025515	-0.0529399
0.00234131	0.00311801	2.29098	-0.00025515	-0.0529399
0.00234131	0.00311801	2.29098	-0.00025515	-0.0529399
0.00234131	0.00311801	2.29098	-0.00025515	-0.0529399
0.00234131	0.00311801	2.29098	-0.00025515	-0.0529399
0.00236752	0.00304622	2.28537	-7.48508e-05	-0.158421
0.00236752	0.00304622	2.28537	-7.48508e-05	-0.158421
0.00236752	0.00304622	2.28537	-7.48508e-05	-0.158421
0.00236752	0.00304622	2.28537	-7.48508e-05	-0.158421
0.00236752	0.00304622	2.28537	-7.48508e-05	-0.158421
0.00236752	0.00304622	2.28537	-7.48508e-05	-0.158421
0.00236752	0.00304622	2.28537	-7.48508e-05	-0.158421
0.00236752	0.00304622	2.28537	-7.48508e-05	-0.158421
0.00236752	0.00304622	2.28537	-7.48508e-05	-0.158421
0.00236752	0.00304622	2.28537	-7.48508e-05	-0.158421
0.0023708	0.00303672	2.27797	-0.000725621	-0.212682
0.0023708	0.00303672	2.27797	-0.000725621	-0.212682
0.0023708	0.00303672	2.27797	-0.000725621	-0.212682
0.0023708	0.00303672	2.27797	-0.000725621	-0.212682
0.0023708	0.00303672	2.27797	-0.000725621	-0.212682
0.0023708	0.00303672	2.27797	-0.000725621	-0.212682
0.0023708	0.00303672	2.27797	-0.000725621	-0.212682
0.0023708	0.00303672	2.27797	-0.000725621	-0.212682
0.0023708	0.00303672	2.27797	-0.000725621	-0.212682
0.0023708	0.00303672	2.27797	-0.000725621	-0.212682
0.00241069	0.00290829	2.2647	0.000911302	-0.394176
0.00241069	0.00290829	2.2647	0.000911302	-0.394176
0.00241069	0.00290829	2.2647	0.000911302	-0.394176
0.00241069	0.00290829	2.2647	0.000911302	-0.394176
0.00241069	0.00290829	2.2647	0.000911302	-0.394176
0.00241069	0.00290829	2.2647	0.000911302	-0.394176
0.00241069	0.00290829	2.2647	0.000911302	-0.394176
0.00241069	0.00290829	2.2647	0.000911302	-0.394176
0.00241069	0.00290829	2.2647	0.000911302	-0.394176
0.00241069	0.00290829	2.2647	0.000911302	-0.394176
0.0023858	0.00300174	2.25126	0.00249452	-0.417772
0.0023858	0.00300174	2.25126	0.00249452	-0.417772
0.0023858	0.00300174	2.25126	0.00249452	-0.417772
0.0023858	0.00300174	2.25126	0.00249452	-0.417772
0.0023858	0.00300174	2.25126	0.00249452	-0.417772
0.0023858	0.00300174	2.25126	0.00249452	-0.417772
0.0023858	0.00300174	2.25126	0.00249452	-0.417772
0.0023858	0.00300174	2.25126	0.00249452	-0.417772
0.0023858	0.00300174	2.25126	0.00249452	-0.417772
0.0023858	0.00300174	2.25126	0.00249452	-0.417772
0.00232538	0.00327784	2.2371	-0.00253332	-0.473406
0.00232538	0.00327784	2.2371	-0.00253332	-0.473406
0.00232538	0.00327784	2.2371	-0.00253332	-0.473406
0.00232538	0.00327784	2.2371	-0.00253332	-0.473406
0.00232538	0.00327784	2.2371	-0.00253332	-0.473406
0.00232538	0.00327784	2.2371	-0.00253332	-0.473406
0.00232538	0.00327784	2.2371	-0.00253332	-0.473406
0.00232538	0.00327784	2.2371	-0.00253332	-0.473406
0.00232538	0.00327784	2.2371	-0.00253332	-0.473406
0.00232538	0.00327784	2.2371	-0.00253332	-0.473406
0.00237846	0.00295214	2.21978	0.000105894	-0.61662
0.00237846	0.00295214	2.21978	0.000105894	-0.61662
0.00237846	0.00295214	2.21978	0.000105894	-0.61662
0.00237846	0.00295214	2.21978	0.000105894	-0.61662
0.00237846	0.00295214	2.21978	0.000105894	-0.61662
0.00237846	0.00295214	2.21978	0.000105894	-0.61662
0.00237846	0.00295214	2.21978	0.000105894	-0.61662
0.00237846	0.00295214	2.21978	0.000105894	-0.61662
0.00237846	0.00295214	2.21978	0.000105894	-0.61662
0.00237846	0.00295214	2.21978	0.000105894	-0.61662
0.0023774	0.00296258	2.2037	-0.00420951	-0.61191
0.0023774	0.00296258	2.2037	-0.00420951	-0.61191
0.0023774	0.00296258	2.2037	-0.00420951	-0.61191
0.0023774	0.00296258	2.2037	-0.00420951	-0.61191
0.0023774	0.00296258	2.2037	-0.00420951	-0.61191
0.0023774	0.00296258	2.2037	-0.00420951	-0.61191
0.0023774	0.00296258	2.2037	-0.00420951	-0.61191
0.0023774	0.00296258	2.2037	-0.00420951	-0.61191
0.0023774	0.00296258	2.2037	-0.00420951	-0.61191
0.0023774	0.00296258	2.2037	-0.00420951	-0.61191
0.0023945	0.00242376	2.18475	0.000116208	-0.784091
0.0023945	0.00242376	2.18475	0.000116208	-0.784091
0.0023945	0.00242376	2.18475	0.000116208	-0.784091
0.0023945	0.00242376	2.18475	0.000116208	-0.784091
0.0023945	0.00242376	2.18475	0.000116208	-0.784091
0.0023945	0.00242376	2.18475	0.000116208	-0.784091
0.0023945	0.00242376	2.18475	0.000116208	-0.784091
0.0023945	0.00242376	2.18475	0.000116208	-0.784091
0.0023945	0.00242376	2.18475	0.000116208	-0.784091
0.0023945	0.00242376	2.18475	0.000116208	-0.784091
0.00239511	0.00243626	2.16598	-0.00448098	-0.845623
0.00239511	0.00243626	2.16598	-0.00448098	-0.845623
0.00239511	0.00243626	2.16598	-0.00448098	-0.845623
0.00239511	0.00243626	2.16598	-0.00448098	-0.845623
0.00239511	0.00243626	2.16598	-0.00448098	-0.845623
0.00239511	0.00243626	2.16598	-0.00448098	-0.845623
0.00239511	0.00243626	2.16598	-0.00448098	-0.845623
0.00239511	0.00243626	2.16598	-0.00448098	-0.845623
0.00239511	0.00243626	2.16598	-0.00448098	-0.845623
0.00239511	0.00243626	2.16598	-0.00448098	-0.845623
0.002334	0.00198273	2.1488	-0.00164587	-0.861969
0.002334	0.00198273	2.1488	-0.00164587	-0.861969
0.002334	0.00198273	2.1488	-0.00164587	-0.861969
0.002334	0.00198273	2.1488	-0.00164587	-0.861969
0.002334	0.00198273	2.1488	-0.00164587	-0.861969
0.002334	0.00198273	2.1488	-0.00164587	-0.861969
0.002334	0.00198273	2.1488	-0.00164587	-0.861969
0.002334	0.00198273	2.1488	-0.00164587	-0.861969
0.002334	0.00198273	2.1488	-0.00164587	-0.861969
0.002334	0.00198273	2.1488	-0.00164587	-0.861969
0.00229897	0.0018248	2.13323	-0.00057286	-0.846015
0.00229897	0.0018248	2.13323	-0.00057286	-0.846015
0.00229897	0.0018248	2.13323	-0.00057286	-0.846015
0.00229897	0.0018248	2.13323	-0.00057286	-0.846015
0.00229897	0.0018248	2.13323	-0.00057286	-0.846015
0.00229897	0.0018248	2.13323	-0.00057286	-0.846015
0.00229897	0.0018248	2.13323	-0.00057286	-0.846015
0.00229897	0.0018248	2.13323	-0.00057286	-0.846015
0.00229897	0.0018248	2.13323	-0.00057286	-0.846015
0.00229897	0.0018248	2.13323	-0.00057286	-0.846015
0.00227834	0.00176065	2.11696	-0.00508255	-0.996794
0.00227834	0.00176065	2.11696	-0.00508255	-0.996794
0.00227834	0.00176065	2.11696	-0.00508255	-0.996794
0.00227834	0.00176065	2.11696	-0.00508255	-0.996794
0.00227834	0.00176065	2.11696	-0.00508255	-0.996794
0.00227834	0.00176065	2.11696	-0.00508255	-0.996794
0.00227834	0.00176065	2.11696	-0.00508255	-0.996794
0.00227834	0.00176065	2.11696	-0.00508255	-0.996794
0.00227834	0.00176065	2.11696	-0.00508255	-0.996794
0.00227834	0.00176065	2.11696	-0.00508255	-0.996794
0.00208764	0.00131977	2.10323	-0.00460002	-0.943103
0.00208764	0.00131977	2.10323	-0.00460002	-0.943103
0.00208764	0.00131977	2.10323	-0.00460002	-0.943103
0.00208764	0.00131977	2.10323	-0.00460002	-0.943103
0.00208764	0.00131977	2.10323	-0.00460002	-0.943103
0.00208764	0.00131977	2.10323	-0.00460002	-0.943103
0.00208764	0.00131977	2.10323	-0.00460002	-0.943103
0.00208764	0.00131977	2.10323	-0.00460002	-0.943103
0.00208764	0.00131977	2.10323	-0.00460002	-0.943103
0.00208764	0.00131977	2.10323	-0.00460002	-0.943103
0.00183359	0.00086497	2.08964	0.0181516	-1.06545
0.00183359	0.00086497	2.08964	0.0181516	-1.06545
0.00183359	0.00086497	2.08964	0.0181516	-1.06545
0.00183359	0.00086497	2.08964	0.0181516	-1.06545
0.00183359	0.00086497	2.08964	0.0181516	-1.06545
0.00183359	0.00086497	2.08964	0.0181516	-1.06545
0.00183359	0.00086497	2.08964	0.0181516	-1.06545
0.00183359	0.00086497	2.08964	0.0181516	-1.06545
0.00183359	0.00086497	2.08964	0.0181516	-1.06545
0.00183359	0.00086497	2.08964	0.0181516	-1.06545
0.00284731	0.00230218	2.078	0.00725819	-1.03808
0.00284731	0.00230218	2.078	0.00725819	-1.03808
0.00284731	0.00230218	2.078	0.00725819	-1.03808
0.00284731	0.00230218	2.078	0.00725819	-1.03808
0.00284731	0.00230218	2.078	0.00725819	-1.03808
0.00284731	0.00230218	2.078	0.00725819	-1.03808
0.00284731	0.00230218	2.078	0.00725819	-1.03808
0.00284731	0.00230218	2.078	0.00725819	-1.03808
0.00284731	0.00230218	2.078	0.00725819	-1.03808
0.00284731	0.00230218	2.078	0.00725819	-1.03808
0.0033032	0.00282477	2.06843	-0.0037364	-0.988838
0.0033032	0.00282477	2.06843	-0.0037364	-0.988838
0.0033032	0.00282477	2.06843	-0.0037364	-0.988838
0.0033032	0.00282477	2.06843	-0.0037364	-0.988838
0.0033032	0.00282477	2.06843	-0.0037364	-0.988838
0.0033032	0.00282477	2.06843	-0.0037364	-0.988838
0.0033032	0.00282477	2.06843	-0.0037364	-0.988838
0.0033032	0.00282477	2.06843	-0.0037364	-0.988838
0.0033032	0.00282477	2.06843	-0.0037364	-0.988838
0.0033032	0.00282477	2.06843	-0.0037364	-0.988838
0.00304654	0.00258247	2.06073	0.000416532	-0.934238
0.00304654	0.00258247	2.06073	0.000416532	-0.934238
0.00304654	0.00258247	2.06073	0.000416532	-0.934238
0.00304654	0.00258247	2.06073	0.000416532	-0.934238
0.00304654	0.00258247	2.06073	0.000416532	-0.934238
0.00304654	0.00258247	2.06073	0.000416532	-0.934238
0.00304654	0.00258247	2.06073	0.000416532	-0.934238
0.00304654	0.00258247	2.06073	0.000416532	-0.934238
0.00304654	0.00258247	2.06073	0.000416532	-0.934238
0.00304654	0.00258247	2.06073	0.000416532	-0.934238
0.00308484	0.00261197	2.05291	0.00494256	-1.08682
0.00308484	0.00261197	2.05291	0.00494256	-1.08682
0.00308484	0.00261197	2.05291	0.00494256	-1.08682
0.00308484	0.00261197	2.05291	0.00494256	-1.08682
0.00308484	0.00261197	2.05291	0.00494256	-1.08682
0.00308484	0.00261197	2.05291	0.00494256	-1.08682
0.00308484	0.00261197	2.05291	0.00494256	-1.08682
0.00308484	0.00261197	2.05291	0.00494256	-1.08682
0.00308484	0.00261197	2.05291	0.00494256	-1.08682
0.00308484	0.00261197	2.05291	0.00494256	-1.08682
0.00335581	0.00278332	2.04873	-0.0136199	-0.702487
0.00335581	0.00278332	2.04873	-0.0136199	-0.702487
0.00335581	0.00278332	2.04873	-0.0136199	-0.702487
0.00335581	0.00278332	2.04873	-0.0136199	-0.702487
0.00335581	0.00278332	2.04873	-0.0136199	-0.702487
0.00335581	0.00278332	2.04873	-0.0136199	-0.702487
0.00335581	0.00278332	2.04873	-0.0136199	-0.702487
0.00335581	0.00278332	2.04873	-0.0136199	-0.702487
0.00335581	0.00278332	2.04873	-0.0136199	-0.702487
0.00335581	0.00278332	2.04873	-0.0136199	-0.702487
0.0017748	0.00195492	2.04412	0.00601171	-0.924158
0.0017748	0.00195492	2.04412	0.00601171	-0.924158
0.0017748	0.00195492	2.04412	0.00601171	-0.924158
0.0017748	0.00195492	2.04412	0.00601171	-0.924158
0.0017748	0.00195492	2.04412	0.00601171	-0.924158
0.0017748	0.00195492	2.04412	0.00601171	-0.924158
0.0017748	0.00195492	2.04412	0.00601171	-0.924158
0.0017748	0.00195492	2.04412	0.00601171	-0.924158
0.0017748	0.00195492	2.04412	0.00601171	-0.924158
0.0017748	0.00195492	2.04412	0.00601171	-0.924158
0.00233599	0.00218562	2.04037	0.00970477	-0.919703
0.00233599	0.00218562	2.04037	0.00970477	-0.919703
0.00233599	0.00218562	2.04037	0.00970477	-0.919703
0.00233599	0.00218562	2.04037	0.00970477	-0.919703
0.00233599	0.00218562	2.04037	0.00970477	-0.919703
0.00233599	0.00218562	2.04037	0.00970477	-0.919703
0.00233599	0.00218562	2.04037	0.00970477	-0.919703
0.00233599	0.00218562	2.04037	0.00970477	-0.919703
0.00233599	0.00218562	2.04037	0.00970477	-0.919703
0.00233599	0.00218562	2.04037	0.00970477	-0.919703
0.00320356	0.00245361	2.03775	0.0116823	-0.874961
0.00320356	0.00245361	2.03775	0.0116823	-0.874961
0.00320356	0.00245361	2.03775	0.0116823	-0.874961
0.00320356	0.00245361	2.03775	0.0116823	-0.874961
0.00320356	0.00245361	2.03775	0.0116823	-0.874961
0.00320356	0.00245361	2.03775	0.0116823	-0.874961
0.00320356	0.00245361	2.03775	0.0116823	-0.874961
0.00320356	0.00245361	2.03775	0.0116823	-0.874961
0.00320356	0.00245361	2.03775	0.0116823	-0.874961
0.00320356	0.00245361	2.03775	0.0116823	-0.874961
0.00431141	0.00269451	2.03593	0.0230675	-0.846851
0.00431141	0.00269451	2.03593	0.0230675	-0.846851
0.00431141	0.00269451	2.03593	0.0230675	-0.846851
0.00431141	0.00269451	2.03593	0.0230675	-0.846851
0.00431141	0.00269451	2.03593	0.0230675	-0.846851
0.00431141	0.00269451	2.03593	0.0230675	-0.846851
0.00431141	0.00269451	2.03593	0.0230675	-0.846851
0.00431141	0.00269451	2.03593	0.0230675	-0.846851
0.00431141	0.00269451	2.03593	0.0230675	-0.846851
0.00431141	0.00269451	2.03593	0.0230675	-0.846851
0.00572043	0.00290176	2.03516	-0.000122115	-0.522002
0.00572043	0.00290176	2.03516	-0.000122115	-0.522002
0.00572043	0.00290176	2.03516	-0.000122115	-0.522002
0.00572043	0.00290176	2.03516	-0.000122115	-0.522002
0.00572043	0.00290176	2.03516	-0.000122115	-0.522002
0.00572043	0.00290176	2.03516	-0.000122115	-0.522002
0.00572043	0.00290176	2.03516	-0.000122115	-0.522002
0.00572043	0.00290176	2.03516	-0.000122115	-0.522002
0.00572043	0.00290176	2.03516	-0.000122115	-0.522002
0.00572043	0.00290176	2.03516	-0.000122115	-0.522002
0.00571044	0.00290078	2.03473	-0.00212262	-0.429921
0.00571044	0.00290078	2.03473	-0.00212262	-0.429921
0.00571044	0.00290078	2.03473	-0.00212262	-0.429921
0.00571044	0.00290078	2.03473	-0.00212262	-0.429921
0.00571044	0.00290078	2.03473	-0.00212262	-0.429921
0.00571044	0.00290078	2.03473	-0.00212262	-0.429921
0.00571044	0.00290078	2.03473	-0.00212262	-0.429921
0.00571044	0.00290078	2.03473	-0.00212262	-0.429921
0.00571044	0.00290078	2.03473	-0.00212262	-0.429921
0.00571044	0.00290078	2.03473	-0.00212262	-0.429921
0.00548357	0.00288871	2.03449	0.00570687	-0.461498
0.00548357	0.00288871	2.03449	0.00570687	-0.461498
0.00548357	0.00288871	2.03449	0.00570687	-0.461498
0.00548357	0.00288871	2.03449	0.00570687	-0.461498
0.00548357	0.00288871	2.03449	0.00570687	-0.461498
0.00548357	0.00288871	2.03449	0.00570687	-0.461498
0.00548357	0.00288871	2.03449	0.00570687	-0.461498
0.00548357	0.00288871	2.03449	0.00570687	-0.461498
0.00548357	0.00288871	2.03449	0.00570687	-0.461498
0.00548357	0.00288871	2.03449	0.00570687	-0.461498
0.00591277	0.00289407	-2.03445	0.001679	-0.346437
0.00591277	0.00289407	-2.03445	0.001679	-0.346437
0.00591277	0.00289407	-2.03445	0.001679	-0.346437
0.00591277	0.00289407	-2.03445	0.001679	-0.346437
0.00591277	0.00289407	-2.03445	0.001679	-0.346437
0.00591277	0.00289407	-2.03445	0.001679	-0.346437
0.00591277	0.00289407	-2.03445	0.001679	-0.346437
0.00591277	0.00289407	-2.03445	0.001679	-0.346437
0.00591277	0.00289407	-2.03445	0.001679	-0.346437
0.00591277	0.00289407	-2.03445	0.001679	-0.346437
0.00603658	0.00289185	-2.03449	-0.00527847	-0.254857
0.00603658	0.00289185	-2.03449	-0.00527847	-0.254857
0.00603658	0.00289185	-2.03449	-0.00527847	-0.254857
0.00603658	0.00289185	-2.03449	-0.00527847	-0.254857
0.00603658	0.00289185	-2.03449	-0.00527847	-0.254857
0.00603658	0.00289185	-2.03449	-0.00527847	-0.254857
0.00603658	0.00289185	-2.03449	-0.00527847	-0.254857
0.00603658	0.00289185	-2.03449	-0.00527847	-0.254857
0.00603658	0.00289185	-2.03449	-0.00527847	-0.254857
0.00603658	0.00289185	-2.03449	-0.00527847	-0.254857
0.0056497	0.00290707	-2.03456	-0.00237314	-0.187245
0.0056497	0.00290707	-2.03456	-0.00237314	-0.187245
0.0056497	0.00290707	-2.03456	-0.00237314	-0.187245
0.0056497	0.00290707	-2.03456	-0.00237314	-0.187245
0.0056497	0.00290707	-2.03456	-0.00237314	-0.187245
0.0056497	0.00290707	-2.03456	-0.00237314	-0.187245
0.0056497	0.00290707	-2.03456	-0.00237314	-0.187245
0.0056497	0.00290707	-2.03456	-0.00237314	-0.187245
0.0056497	0.00290707	-2.03456	-0.00237314	-0.187245
0.0056497	0.00290707	-2.03456	-0.00237314	-0.187245
0.00555407	0.0029121	-2.0346	0.00375219	-0.0757351
0.00555407	0.0029121	-2.0346	0.00375219	-0.0757351
0.00555407	0.0029121	-2.0346	0.00375219	-0.0757351
0.00555407	0.0029121	-2.0346	0.00375219	-0.0757351
0.00555407	0.0029121	-2.0346	0.00375219	-0.0757351
0.00555407	0.0029121	-2.0346	0.00375219	-0.0757351
0.00555407	0.0029121	-2.0346	0.00375219	-0.0757351
0.00555407	0.0029121	-2.0346	0.00375219	-0.0757351
0.00555407	0.0029121	-2.0346	0.00375219	-0.0757351
0.00555407	0.0029121	-2.0346	0.00375219	-0.0757351
0.00546161	0.00291723	-2.03459	-0.000601197	0.0186572
0.00546161	0.00291723	-2.03459	-0.000601197	0.0186572
0.00546161	0.00291723	-2.03459	-0.000601197	0.0186572
0.00546161	0.00291723	-2.03459	-0.000601197	0.0186572
0.00546161	0.00291723	-2.03459	-0.000601197	0.0186572
0.00546161	0.00291723	-2.03459	-0.000601197	0.0186572
0.00546161	0.00291723	-2.03459	-0.000601197	0.0186572
0.00546161	0.00291723	-2.03459	-0.000601197	0.0186572
0.00546161	0.00291723	-2.03459	-0.000601197	0.0186572
0.00546161	0.00291723	-2.03459	-0.000601197	0.0186572
0.00509222	0.00293525	-2.03454	0.000140907	0.115086
0.00509222	0.00293525	-2.03454	0.000140907	0.115086
0.00509222	0.00293525	-2.03454	0.000140907	0.115086
0.00509222	0.00293525	-2.03454	0.000140907	0.115086
0.00509222	0.00293525	-2.03454	0.000140907	0.115086
0.00509222	0.00293525	-2.03454	0.000140907	0.115086
0.00509222	0.00293525	-2.03454	0.000140907	0.115086
0.00509222	0.00293525	-2.03454	0.000140907	0.115086
0.00509222	0.00293525	-2.03454	0.000140907	0.115086
0.00509222	0.00293525	-2.03454	0.000140907	0.115086
0.00512138	0.00293435	-2.03446	-0.00153897	0.234909
0.00512138	0.00293435	-2.03446	-0.00153897	0.234909
0.00512138	0.00293435	-2.03446	-0.00153897	0.234909
0.00512138	0.00293435	-2.03446	-0.00153897	0.234909
0.00512138	0.00293435	-2.03446	-0.00153897	0.234909
0.00512138	0.00293435	-2.03446	-0.00153897	0.234909
0.00512138	0.00293435	-2.03446	-0.00153897	0.234909
0.00512138	0.00293435	-2.03446	-0.00153897	0.234909
0.00512138	0.00293435	-2.03446	-0.00153897	0.234909
0.00512138	0.00293435	-2.03446	-0.00153897	0.234909
0.00491158	0.00293494	2.03445	-0.00176423	0.324209
0.00491158	0.00293494	2.03445	-0.00176423	0.324209
0.00491158	0.00293494	2.03445	-0.00176423	0.324209
0.00491158	0.00293494	2.03445	-0.00176423	0.324209
0.00491158	0.00293494	2.03445	-0.00176423	0.324209
0.00491158	0.00293494	2.03445	-0.00176423	0.324209
0.00491158	0.00293494	2.03445	-0.00176423	0.324209
0.00491158	0.00293494	2.03445	-0.00176423	0.324209
0.00491158	0.00293494	2.03445	-0.00176423	0.324209
0.00491158	0.00293494	2.03445	-0.00176423	0.324209
0.00466328	0.00292595	2.03461	-0.0050155	0.456788
0.00466328	0.00292595	2.03461	-0.0050155	0.456788
0.00466328	0.00292595	2.03461	-0.0050155	0.456788
0.00466328	0.00292595	2.03461	-0.0050155	0.456788
0.00466328	0.00292595	2.03461	-0.0050155	0.456788
0.00466328	0.00292595	2.03461	-0.0050155	0.456788
0.00466328	0.00292595	2.03461	-0.0050155	0.456788
0.00466328	0.00292595	2.03461	-0.0050155	0.456788
0.00466328	0.00292595	2.03461	-0.0050155	0.456788
0.00466328	0.00292595	2.03461	-0.0050155	0.456788
0.00411192	0.0028798	2.03504	-0.00343325	0.504187
0.00411192	0.0028798	2.03504	-0.00343325	0.504187
0.00411192	0.0028798	2.03504	-0.00343325	0.504187
0.00411192	0.0028798	2.03504	-0.00343325	0.504187
0.00411192	0.0028798	2.03504	-0.00343325	0.504187
0.00411192	0.0028798	2.03504	-0.00343325	0.504187
0.00411192	0.0028798	2.03504	-0.00343325	0.504187
0.00411192	0.0028798	2.03504	-0.00343325	0.504187
0.00411192	0.0028798	2.03504	-0.00343325	0.504187
0.00411192	0.0028798	2.03504	-0.00343325	0.504187
0.00368719	0.00281984	2.03594	-0.0017366	0.628079
0.00368719	0.00281984	2.03594	-0.0017366	0.628079
0.00368719	0.00281984	2.03594	-0.0017366	0.628079
0.00368719	0.00281984	2.03594	-0.0017366	0.628079
0.00368719	0.00281984	2.03594	-0.0017366	0.628079
0.00368719	0.00281984	2.03594	-0.0017366	0.628079
0.00368719	0.00281984	2.03594	-0.0017366	0.628079
0.00368719	0.00281984	2.03594	-0.0017366	0.628079
0.00368719	0.00281984	2.03594	-0.0017366	0.628079
0.00368719	0.00281984	2.03594	-0.0017366	0.628079
0.00350147	0.00278087	2.03738	0.000120348	0.688408
0.00350147	0.00278087	2.03738	0.000120348	0.688408
0.00350147	0.00278087	2.03738	0.000120348	0.688408
0.00350147	0.00278087	2.03738	0.000120348	0.688408
0.00350147	0.00278087	2.03738	0.000120348	0.688408
0.00350147	0.00278087	2.03738	0.000120348	0.688408
0.00350147	0.00278087	2.03738	0.000120348	0.688408
0.00350147	0.00278087	2.03738	0.000120348	0.688408
0.00350147	0.00278087	2.03738	0.000120348	0.688408
0.00350147	0.00278087	2.03738	0.000120348	0.688408
0.00351399	0.00278446	2.03952	-0.00763347	0.731346
0.00351399	0.00278446	2.03952	-0.00763347	0.731346
0.00351399	0.00278446	2.03952	-0.00763347	0.731346
0.00351399	0.00278446	2.03952	-0.00763347	0.731346
0.00351399	0.00278446	2.03952	-0.00763347	0.731346
0.00351399	0.00278446	2.03952	-0.00763347	0.731346
0.00351399	0.00278446	2.03952	-0.00763347	0.731346
0.00351399	0.00278446	2.03952	-0.00763347	0.731346
0.00351399	0.00278446	2.03952	-0.00763347	0.731346
0.00351399	0.00278446	2.03952	-0.00763347	0.731346
0.00273677	0.00249442	2.04241	0.00410814	0.809727
0.00273677	0.00249442	2.04241	0.00410814	0.809727
0.00273677	0.00249442	2.04241	0.00410814	0.809727
0.00273677	0.00249442	2.04241	0.00410814	0.809727
0.00273677	0.00249442	2.04241	0.00410814	0.809727
0.00273677	0.00249442	2.04241	0.00410814	0.809727
0.00273677	0.00249442	2.04241	0.00410814	0.809727
0.00273677	0.00249442	2.04241	0.00410814	0.809727
0.00273677	0.00249442	2.04241	0.00410814	0.809727
0.00273677	0.00249442	2.04241	0.00410814	0.809727
0.0031746	0.00270296	2.04678	-0.00799447	0.957035
0.0031746	0.00270296	2.04678	-0.00799447	0.957035
0.0031746	0.00270296	2.04678	-0.00799447	0.957035
0.0031746	0.00270296	2.04678	-0.00799447	0.957035
0.0031746	0.00270296	2.04678	-0.00799447	0.957035
0.0031746	0.00270296	2.04678	-0.00799447	0.957035
0.0031746	0.00270296	2.04678	-0.00799447	0.957035
0.0031746	0.00270296	2.04678	-0.00799447	0.957035
0.0031746	0.00270296	2.04678	-0.00799447	0.957035
0.0031746	0.00270296	2.04678	-0.00799447	0.957035
0.00243936	0.00225884	2.05261	-0.00616333	1.02761
0.00243936	0.00225884	2.05261	-0.00616333	1.02761
0.00243936	0.00225884	2.05261	-0.00616333	1.02761
0.00243936	0.00225884	2.05261	-0.00616333	1.02761
0.00243936	0.00225884	2.05261	-0.00616333	1.02761
0.00243936	0.00225884	2.05261	-0.00616333	1.02761
0.00243936	0.00225884	2.05261	-0.00616333	1.02761
0.00243936	0.00225884	2.05261	-0.00616333	1.02761
0.00243936	0.00225884	2.05261	-0.00616333	1.02761
0.00243936	0.00225884	2.05261	-0.00616333	1.02761
0.00206084	0.00198081	2.05793	-0.00151196	0.785152
0.00206084	0.00198081	2.05793	-0.00151196	0.785152
0.00206084	0.00198081	2.05793	-0.00151196	0.785152
0.00206084	0.00198081	2.05793	-0.00151196	0.785152
0.00206084	0.00198081	2.05793	-0.00151196	0.785152
0.00206084	0.00198081	2.05793	-0.00151196	0.785152
0.00206084	0.00198081	2.05793	-0.00151196	0.785152
0.00206084	0.00198081	2.05793	-0.00151196	0.785152
0.00206084	0.00198081	2.05793	-0.00151196	0.785152
0.00206084	0.00198081	2.05793	-0.00151196	0.785152
0.0019125	0.00184954	2.06599	-0.00296621	1.02633
0.0019125	0.00184954	2.06599	-0.00296621	1.02633
0.0019125	0.00184954	2.06599	-0.00296621	1.02633
0.0019125	0.00184954	2.06599	-0.00296621	1.02633
0.0019125	0.00184954	2.06599	-0.00296621	1.02633
0.0019125	0.00184954	2.06599	-0.00296621	1.02633
0.0019125	0.00184954	2.06599	-0.00296621	1.02633
0.0019125	0.00184954	2.06599	-0.00296621	1.02633
0.0019125	0.00184954	2.06599	-0.00296621	1.02633
0.0019125	0.00184954	2.06599	-0.00296621	1.02633
0.00170898	0.00162814	2.07552	-0.0192376	1.04273
0.00170898	0.00162814	2.07552	-0.0192376	1.04273
0.00170898	0.00162814	2.07552	-0.0192376	1.04273
0.00170898	0.00162814	2.07552	-0.0192376	1.04273
0.00170898	0.00162814	2.07552	-0.0192376	1.04273
0.00170898	0.00162814	2.07552	-0.0192376	1.04273
0.00170898	0.00162814	2.07552	-0.0192376	1.04273
0.00170898	0.00162814	2.07552	-0.0192376	1.04273
0.00170898	0.00162814	2.07552	-0.0192376	1.04273
0.00170898	0.00162814	2.07552	-0.0192376	1.04273
0.000637972	0.000201325	2.08584	-0.00582508	0.965606
0.000637972	0.000201325	2.08584	-0.00582508	0.965606
0.000637972	0.000201325	2.08584	-0.00582508	0.965606
0.000637972	0.000201325	2.08584	-0.00582508	0.965606
0.000637972	0.000201325	2.08584	-0.00582508	0.965606
0.000637972	0.000201325	2.08584	-0.00582508	0.965606
0.000637972	0.000201325	2.08584	-0.00582508	0.965606
0.000637972	0.000201325	2.08584	-0.00582508	0.965606
0.000637972	0.000201325	2.08584	-0.00582508	0.965606
0.000637972	0.000201325	2.08584	-0.00582508	0.965606
0.000356189	-0.000257637	2.09672	0.00291522	0.893537
0.000356189	-0.000257637	2.09672	0.00291522	0.893537
0.000356189	-0.000257637	2.09672	0.00291522	0.893537
0.000356189	-0.000257637	2.09672	0.00291522	0.893537
0.000356189	-0.000257637	2.09672	0.00291522	0.893537
0.000356189	-0.000257637	2.09672	0.00291522	0.893537
0.000356189	-0.000257637	2.09672	0.00291522	0.893537
0.000356189	-0.000257637	2.09672	0.00291522	0.893537
0.000356189	-0.000257637	2.09672	0.00291522	0.893537
0.000356189	-0.000257637	2.09672	0.00291522	0.893537
0.000495186	2.50877e-05	2.10977	-0.0187638	0.967417
0.000495186	2.50877e-05	2.10977	-0.0187638	0.967417
0.000495186	2.50877e-05	2.10977	-0.0187638	0.967417
0.000495186	2.50877e-05	2.10977	-0.0187638	0.967417
0.000495186	2.50877e-05	2.10977	-0.0187638	0.967417
0.000495186	2.50877e-05	2.10977	-0.0187638	0.967417
0.000495186	2.50877e-05	2.10977	-0.0187638	0.967417
0.000495186	2.50877e-05	2.10977	-0.0187638	0.967417
0.000495186	2.50877e-05	2.10977	-0.0187638	0.967417
0.000495186	2.50877e-05	2.10977	-0.0187638	0.967417
-9.92153e-05	-0.00152288	2.12281	-0.00683197	0.853321
-9.92153e-05	-0.00152288	2.12281	-0.00683197	0.853321
-9.92153e-05	-0.00152288	2.12281	-0.00683197	0.853321
-9.92153e-05	-0.00152288	2.12281	-0.00683197	0.853321
-9.92153e-05	-0.00152288	2.12281	-0.00683197	0.853321
-9.92153e-05	-0.00152288	2.12281	-0.00683197	0.853321
-9.92153e-05	-0.00152288	2.12281	-0.00683197	0.853321
-9.92153e-05	-0.00152288	2.12281	-0.00683197	0.853321
-9.92153e-05	-0.00152288	2.12281	-0.00683197	0.853321
-9.92153e-05	-0.00152288	2.12281	-0.00683197	0.853321
-0.000284979	-0.00216367	2.13704	-0.000265318	0.834336
-0.000284979	-0.00216367	2.13704	-0.000265318	0.834336
-0.000284979	-0.00216367	2.13704	-0.000265318	0.834336
-0.000284979	-0.00216367	2.13704	-0.000265318	0.834336
-0.000284979	-0.00216367	2.13704	-0.000265318	0.834336
-0.000284979	-0.00216367	2.13704	-0.000265318	0.834336
-0.000284979	-0.00216367	2.13704	-0.000265318	0.834336
-0.000284979	-0.00216367	2.13704	-0.000265318	0.834336
-0.000284979	-0.00216367	2.13704	-0.000265318	0.834336
-0.000284979	-0.00216367	2.13704	-0.000265318	0.834336
-0.000290477	-0.0021915	2.15398	-0.00324271	0.894289
-0.000290477	-0.0021915	2.15398	-0.00324271	0.894289
-0.000290477	-0.0021915	2.15398	-0.00324271	0.894289
-0.000290477	-0.0021915	2.15398	-0.00324271	0.894289
-0.000290477	-0.0021915	2.15398	-0.00324271	0.894289
-0.000290477	-0.0021915	2.15398	-0.00324271	0.894289
-0.000290477	-0.0021915	2.15398	-0.00324271	0.894289
-0.000290477	-0.0021915	2.15398	-0.00324271	0.894289
-0.000290477	-0.0021915	2.15398	-0.00324271	0.894289
-0.000290477	-0.0021915	2.15398	-0.00324271	0.894289
-0.000324236	-0.00251224	2.17267	-0.000796093	0.889021
-0.000324236	-0.00251224	2.17267	-0.000796093	0.889021
-0.000324236	-0.00251224	2.17267	-0.000796093	0.889021
-0.000324236	-0.00251224	2.17267	-0.000796093	0.889021
-0.000324236	-0.00251224	2.17267	-0.000796093	0.889021
-0.000324236	-0.00251224	2.17267	-0.000796093	0.889021
-0.000324236	-0.00251224	2.17267	-0.000796093	0.889021
-0.000324236	-0.00251224	2.17267	-0.000796093	0.889021
-0.000324236	-0.00251224	2.17267	-0.000796093	0.889021
-0.000324236	-0.00251224	2.17267	-0.000796093	0.889021
-0.000325695	-0.00258153	2.19023	0.012293	0.772731
-0.000325695	-0.00258153	2.19023	0.012293	0.772731
-0.000325695	-0.00258153	2.19023	0.012293	0.772731
-0.000325695	-0.00258153	2.19023	0.012293	0.772731
-0.000325695	-0.00258153	2.19023	0.012293	0.772731
-0.000325695	-0.00258153	2.19023	0.012293	0.772731
-0.000325695	-0.00258153	2.19023	0.012293	0.772731
-0.000325695	-0.00258153	2.19023	0.012293	0.772731
-0.000325695	-0.00258153	2.19023	0.012293	0.772731
-0.000325695	-0.00258153	2.19023	0.012293	0.772731
-0.000388062	-0.00141414	2.20856	0.00190355	0.730177
-0.000388062	-0.00141414	2.20856	0.00190355	0.730177
-0.000388062	-0.00141414	2.20856	0.00190355	0.730177
-0.000388062	-0.00141414	2.20856	0.00190355	0.730177
-0.000388062	-0.00141414	2.20856	0.00190355	0.730177
-0.000388062	-0.00141414	2.20856	0.00190355	0.730177
-0.000388062	-0.00141414	2.20856	0.00190355	0.730177
-0.000388062	-0.00141414	2.20856	0.00190355	0.730177
-0.000388062	-0.00141414	2.20856	0.00190355	0.730177
-0.000388062	-0.00141414	2.20856	0.00190355	0.730177
-0.000411889	-0.00122613	2.2283	4.10943e-06	0.731221
-0.000411889	-0.00122613	2.2283	4.10943e-06	0.731221
-0.000411889	-0.00122613	2.2283	4.10943e-06	0.731221
-0.000411889	-0.00122613	2.2283	4.10943e-06	0.731221
-0.000411889	-0.00122613	2.2283	4.10943e-06	0.731221
-0.000411889	-0.00122613	2.2283	4.10943e-06	0.731221
-0.000411889	-0.00122613	2.2283	4.10943e-06	0.731221
-0.000411889	-0.00122613	2.2283	4.10943e-06	0.731221
-0.000411889	-0.00122613	2.2283	4.10943e-06	0.731221
-0.000411889	-0.00122613	2.2283	4.10943e-06	0.731221
-0.000411948	-0.00122583	2.24467	0.000831666	0.556117
-0.000411948	-0.00122583	2.24467	0.000831666	0.556117
-0.000411948	-0.00122583	2.24467	0.000831666	0.556117
-0.000411948	-0.00122583	2.24467	0.000831666	0.556117
-0.000411948	-0.00122583	2.24467	0.000831666	0.556117
-0.000411948	-0.00122583	2.24467	0.000831666	0.556117
-0.000411948	-0.00122583	2.24467	0.000831666	0.556117
-0.000411948	-0.00122583	2.24467	0.000831666	0.556117
-0.000411948	-0.00122583	2.24467	0.000831666	0.556117
-0.000411948	-0.00122583	2.24467	0.000831666	0.556117
-0.000429674	-0.00115413	2.26069	0.0103802	0.491436
-0.000429674	-0.00115413	2.26069	0.0103802	0.491436
-0.000429674	-0.00115413	2.26069	0.0103802	0.491436
-0.000429674	-0.00115413	2.26069	0.0103802	0.491436
-0.000429674	-0.00115413	2.26069	0.0103802	0.491436
-0.000429674	-0.00115413	2.26069	0.0103802	0.491436
-0.000429674	-0.00115413	2.26069	0.0103802	0.491436
-0.000429674	-0.00115413	2.26069	0.0103802	0.491436
-0.000429674	-0.00115413	2.26069	0.0103802	0.491436
-0.000429674	-0.00115413	2.26069	0.0103802	0.491436
-0.000679633	-0.000315337	2.27447	-0.00196147	0.417001
-0.000679633	-0.000315337	2.27447	-0.00196147	0.417001
-0.000679633	-0.000315337	2.27447	-0.00196147	0.417001
-0.000679633	-0.000315337	2.27447	-0.00196147	0.417001
-0.000679633	-0.000315337	2.27447	-0.00196147	0.417001
-0.000679633	-0.000315337	2.27447	-0.00196147	0.417001
-0.000679633	-0.000315337	2.27447	-0.00196147	0.417001
-0.000679633	-0.000315337	2.27447	-0.00196147	0.417001
-0.000679633	-0.000315337	2.27447	-0.00196147	0.417001
-0.000679633	-0.000315337	2.27447	-0.00196147	0.417001
-0.000626297	-0.000471963	2.28647	-0.00112557	0.351463
-0.000626297	-0.000471963	2.28647	-0.00112557	0.351463
-0.000626297	-0.000471963	2.28647	-0.00112557	0.351463
-0.000626297	-0.000471963	2.28647	-0.00112557	0.351463
-0.000626297	-0.000471963	2.28647	-0.00112557	0.351463
-0.000626297	-0.000471963	2.28647	-0.00112557	0.351463
-0.000626297	-0.000471963	2.28647	-0.00112557	0.351463
-0.000626297	-0.000471963	2.28647	-0.00112557	0.351463
-0.000626297	-0.000471963	2.28647	-0.00112557	0.351463
-0.000626297	-0.000471963	2.28647	-0.00112557	0.351463
-0.000603112	-0.000534353	2.29383	-0.00423906	0.207782
-0.000603112	-0.000534353	2.29383	-0.00423906	0.207782
-0.000603112	-0.000534353	2.29383	-0.00423906	0.207782
-0.000603112	-0.000534353	2.29383	-0.00423906	0.207782
-0.000603112	-0.000534353	2.29383	-0.00423906	0.207782
-0.000603112	-0.000534353	2.29383	-0.00423906	0.207782
-0.000603112	-0.000534353	2.29383	-0.00423906	0.207782
-0.000603112	-0.000534353	2.29383	-0.00423906	0.207782
-0.000603112	-0.000534353	2.29383	-0.00423906	0.207782
-0.000603112	-0.000534353	2.29383	-0.00423906	0.207782
-0.000511119	-0.000769974	2.2983	0.00136463	0.123913
-0.000511119	-0.000769974	2.2983	0.00136463	0.123913
-0.000511119	-0.000769974	2.2983	0.00136463	0.123913
-0.000511119	-0.000769974	2.2983	0.00136463	0.123913
-0.000511119	-0.000769974	2.2983	0.00136463	0.123913
-0.000511119	-0.000769974	2.2983	0.00136463	0.123913
-0.000511119	-0.000769974	2.2983	0.00136463	0.123913
-0.000511119	-0.000769974	2.2983	0.00136463	0.123913
-0.000511119	-0.000769974	2.2983	0.00136463	0.123913
-0.000511119	-0.000769974	2.2983	0.00136463	0.123913
-0.000519686	-0.000748485	2.29906	-0.00222352	0.0210052
-0.000519686	-0.000748485	2.29906	-0.00222352	0.0210052
-0.000519686	-0.000748485	2.29906	-0.00222352	0.0210052
-0.000519686	-0.000748485	2.29906	-0.00222352	0.0210052
-0.000519686	-0.000748485	2.29906	-0.00222352	0.0210052
-0.000519686	-0.000748485	2.29906	-0.00222352	0.0210052
-0.000519686	-0.000748485	2.29906	-0.00222352	0.0210052
-0.000519686	-0.000748485	2.29906	-0.00222352	0.0210052
-0.000519686	-0.000748485	2.29906	-0.00222352	0.0210052
-0.000519686	-0.000748485	2.29906	-0.00222352	0.0210052
-0.000812033	-9.40209e-06	2.29635	-0.000407074	-0.0742772
-0.000812033	-9.40209e-06	2.29635	-0.000407074	-0.0742772
-0.000812033	-9.40209e-06	2.29635	-0.000407074	-0.0742772
-0.000812033	-9.40209e-06	2.29635	-0.000407074	-0.0742772
-0.000812033	-9.40209e-06	2.29635	-0.000407074	-0.0742772
-0.000812033	-9.40209e-06	2.29635	-0.000407074	-0.0742772
-0.000812033	-9.40209e-06	2.29635	-0.000407074	-0.0742772
-0.000812033	-9.40209e-06	2.29635	-0.000407074	-0.0742772
-0.000812033	-9.40209e-06	2.29635	-0.000407074	-0.0742772
-0.000812033	-9.40209e-06	2.29635	-0.000407074	-0.0742772
-0.000777188	-0.000100848	2.28996	-0.000133462	-0.180543
-0.000777188	-0.000100848	2.28996	-0.000133462	-0.180543
-0.000777188	-0.000100848	2.28996	-0.000133462	-0.180543
-0.000777188	-0.000100848	2.28996	-0.000133462	-0.180543
-0.000777188	-0.000100848	2.28996	-0.000133462	-0.180543
-0.000777188	-0.000100848	2.28996	-0.000133462	-0.180543
-0.000777188	-0.000100848	2.28996	-0.000133462	-0.180543
-0.000777188	-0.000100848	2.28996	-0.000133462	-0.180543
-0.000777188	-0.000100848	2.28996	-0.000133462	-0.180543
-0.000777188	-0.000100848	2.28996	-0.000133462	-0.180543
-0.000769927	-0.000121341	2.2797	-0.000667089	-0.294303
-0.000769927	-0.000121341	2.2797	-0.000667089	-0.294303
-0.000769927	-0.000121341	2.2797	-0.000667089	-0.294303
-0.000769927	-0.000121341	2.2797	-0.000667089	-0.294303
-0.000769927	-0.000121341	2.2797	-0.000667089	-0.294303
-0.000769927	-0.000121341	2.2797	-0.000667089	-0.294303
-0.000769927	-0.000121341	2.2797	-0.000667089	-0.294303
-0.000769927	-0.000121341	2.2797	-0.000667089	-0.294303
-0.000769927	-0.000121341	2.2797	-0.000667089	-0.294303
-0.000769927	-0.000121341	2.2797	-0.000667089	-0.294303
-0.000742803	-0.00020717	2.26628	-0.000751586	-0.396781
-0.000742803	-0.00020717	2.26628	-0.000751586	-0.396781
-0.000742803	-0.00020717	2.26628	-0.000751586	-0.396781
-0.000742803	-0.00020717	2.26628	-0.000751586	-0.396781
-0.000742803	-0.00020717	2.26628	-0.000751586	-0.396781
-0.000742803	-0.00020717	2.26628	-0.000751586	-0.396781
-0.000742803	-0.00020717	2.26628	-0.000751586	-0.396781
-0.000742803	-0.00020717	2.26628	-0.000751586	-0.396781
-0.000742803	-0.00020717	2.26628	-0.000751586	-0.396781
-0.000742803	-0.00020717	2.26628	-0.000751586	-0.396781
-0.000718396	-0.000298511	2.25034	-0.0120641	-0.500504
-0.000718396	-0.000298511	2.25034	-0.0120641	-0.500504
-0.000718396	-0.000298511	2.25034	-0.0120641	-0.500504
-0.000718396	-0.000298511	2.25034	-0.0120641	-0.500504
-0.000718396	-0.000298511	2.25034	-0.0120641	-0.500504
