x	y	yaw	v	w
0	0	2.03444	0	0
0	0	2.03444	0	0
0	0	2.03444	0	0
0	0	2.03444	0	0
0	0	2.03444	0	0
0	0	2.03444	0	0
0	0	2.03444	0	0
0	0	2.03444	0	0
0	-0.346317	-2.03444	0.0496673	0.000242307
0	-0.346317	-2.03444	0.0496673	0.000242307
0	-0.346317	-2.03444	0.0496673	0.000242307
0	-0.346317	-2.03444	0.0496673	0.000242307
0	-0.346317	-2.03444	0.0496673	0.000242307
0	-0.346317	-2.03444	0.0496673	0.000242307
0	-0.346317	-2.03444	0.0496673	0.000242307
0	-0.346317	-2.03444	0.0496673	0.000242307
0	-0.346317	-2.03444	0.0496673	0.000242307
0	-0.346317	-2.03444	0.0496673	0.000242307
-0.278308	-0.345582	-2.03444	0.0812725	-0.0136073
-0.278308	-0.345582	-2.03444	0.0812725	-0.0136073
-0.278308	-0.345582	-2.03444	0.0812725	-0.0136073
-0.278308	-0.345582	-2.03444	0.0812725	-0.0136073
-0.278308	-0.345582	-2.03444	0.0812725	-0.0136073
-0.278308	-0.345582	-2.03444	0.0812725	-0.0136073
-0.278308	-0.345582	-2.03444	0.0812725	-0.0136073
-0.278308	-0.345582	-2.03444	0.0812725	-0.0136073
-0.278308	-0.345582	-2.03444	0.0812725	-0.0136073
-0.278308	-0.345582	-2.03444	0.0812725	-0.0136073
-0.287874	-0.345558	-2.03444	0.105556	0.0160316
-0.287874	-0.345558	-2.03444	0.105556	0.0160316
-0.287874	-0.345558	-2.03444	0.105556	0.0160316
-0.287874	-0.345558	-2.03444	0.105556	0.0160316
-0.287874	-0.345558	-2.03444	0.105556	0.0160316
-0.287874	-0.345558	-2.03444	0.105556	0.0160316
-0.287874	-0.345558	-2.03444	0.105556	0.0160316
-0.287874	-0.345558	-2.03444	0.105556	0.0160316
-0.287874	-0.345558	-2.03444	0.105556	0.0160316
-0.287874	-0.345558	-2.03444	0.105556	0.0160316
-0.286897	-0.34556	-2.03444	0.109891	0.00147847
-0.286897	-0.34556	-2.03444	0.109891	0.00147847
-0.286897	-0.34556	-2.03444	0.109891	0.00147847
-0.286897	-0.34556	-2.03444	0.109891	0.00147847
-0.286897	-0.34556	-2.03444	0.109891	0.00147847
-0.286897	-0.34556	-2.03444	0.109891	0.00147847
-0.286897	-0.34556	-2.03444	0.109891	0.00147847
-0.286897	-0.34556	-2.03444	0.109891	0.00147847
-0.286897	-0.34556	-2.03444	0.109891	0.00147847
-0.286897	-0.34556	-2.03444	0.109891	0.00147847
-0.358263	-0.345423	-2.03444	0.138897	-0.00962902
-0.358263	-0.345423	-2.03444	0.138897	-0.00962902
-0.358263	-0.345423	-2.03444	0.138897	-0.00962902
-0.358263	-0.345423	-2.03444	0.138897	-0.00962902
-0.358263	-0.345423	-2.03444	0.138897	-0.00962902
-0.358263	-0.345423	-2.03444	0.138897	-0.00962902
-0.358263	-0.345423	-2.03444	0.138897	-0.00962902
-0.358263	-0.345423	-2.03444	0.138897	-0.00962902
-0.358263	-0.345423	-2.03444	0.138897	-0.00962902
-0.358263	-0.345423	-2.03444	0.138897	-0.00962902
-0.433517	-0.345438	2.03444	0.171006	0.0521743
-0.433517	-0.345438	2.03444	0.171006	0.0521743
-0.433517	-0.345438	2.03444	0.171006	0.0521743
-0.433517	-0.345438	2.03444	0.171006	0.0521743
-0.433517	-0.345438	2.03444	0.171006	0.0521743
-0.433517	-0.345438	2.03444	0.171006	0.0521743
-0.433517	-0.345438	2.03444	0.171006	0.0521743
-0.433517	-0.345438	2.03444	0.171006	0.0521743
-0.433517	-0.345438	2.03444	0.171006	0.0521743
-0.433517	-0.345438	2.03444	0.171006	0.0521743
-0.432869	-0.345436	2.03444	0.163339	0.00197407
-0.432869	-0.345436	2.03444	0.163339	0.00197407
-0.432869	-0.345436	2.03444	0.163339	0.00197407
-0.432869	-0.345436	2.03444	0.163339	0.00197407
-0.432869	-0.345436	2.03444	0.163339	0.00197407
-0.432869	-0.345436	2.03444	0.163339	0.00197407
-0.432869	-0.345436	2.03444	0.163339	0.00197407
-0.432869	-0.345436	2.03444	0.163339	0.00197407
-0.432869	-0.345436	2.03444	0.163339	0.00197407
-0.432869	-0.345436	2.03444	0.163339	0.00197407
-0.577855	-0.34574	2.03444	0.200557	-0.0174998
-0.577855	-0.34574	2.03444	0.200557	-0.0174998
-0.577855	-0.34574	2.03444	0.200557	-0.0174998
-0.577855	-0.34574	2.03444	0.200557	-0.0174998
-0.577855	-0.34574	2.03444	0.200557	-0.0174998
-0.577855	-0.34574	2.03444	0.200557	-0.0174998
-0.577855	-0.34574	2.03444	0.200557	-0.0174998
-0.577855	-0.34574	2.03444	0.200557	-0.0174998
-0.577855	-0.34574	2.03444	0.200557	-0.0174998
-0.577855	-0.34574	2.03444	0.200557	-0.0174998
-0.607766	-0.345817	2.03444	0.241404	0.0261171
-0.607766	-0.345817	2.03444	0.241404	0.0261171
-0.607766	-0.345817	2.03444	0.241404	0.0261171
-0.607766	-0.345817	2.03444	0.241404	0.0261171
-0.607766	-0.345817	2.03444	0.241404	0.0261171
-0.607766	-0.345817	2.03444	0.241404	0.0261171
-0.607766	-0.345817	2.03444	0.241404	0.0261171
-0.607766	-0.345817	2.03444	0.241404	0.0261171
-0.607766	-0.345817	2.03444	0.241404	0.0261171
-0.607766	-0.345817	2.03444	0.241404	0.0261171
-0.607766	-0.345817	2.03444	0.241404	0.0261171
-0.661041	-0.345864	-2.03444	0.233282	-0.0525496
-0.661041	-0.345864	-2.03444	0.233282	-0.0525496
-0.661041	-0.345864	-2.03444	0.233282	-0.0525496
-0.661041	-0.345864	-2.03444	0.233282	-0.0525496
-0.661041	-0.345864	-2.03444	0.233282	-0.0525496
-0.661041	-0.345864	-2.03444	0.233282	-0.0525496
-0.661041	-0.345864	-2.03444	0.233282	-0.0525496
-0.661041	-0.345864	-2.03444	0.233282	-0.0525496
-0.661041	-0.345864	-2.03444	0.233282	-0.0525496
-0.661041	-0.345864	-2.03444	0.233282	-0.0525496
-0.662399	-0.345861	-2.03444	0.242104	0.00305931
-0.662399	-0.345861	-2.03444	0.242104	0.00305931
-0.662399	-0.345861	-2.03444	0.242104	0.00305931
-0.662399	-0.345861	-2.03444	0.242104	0.00305931
-0.662399	-0.345861	-2.03444	0.242104	0.00305931
-0.662399	-0.345861	-2.03444	0.242104	0.00305931
-0.662399	-0.345861	-2.03444	0.242104	0.00305931
-0.662399	-0.345861	-2.03444	0.242104	0.00305931
-0.662399	-0.345861	-2.03444	0.242104	0.00305931
-0.662399	-0.345861	-2.03444	0.242104	0.00305931
-0.797743	-0.345468	-2.03444	0.249237	-0.0170862
-0.797743	-0.345468	-2.03444	0.249237	-0.0170862
-0.797743	-0.345468	-2.03444	0.249237	-0.0170862
-0.797743	-0.345468	-2.03444	0.249237	-0.0170862
-0.797743	-0.345468	-2.03444	0.249237	-0.0170862
-0.797743	-0.345468	-2.03444	0.249237	-0.0170862
-0.797743	-0.345468	-2.03444	0.249237	-0.0170862
-0.797743	-0.345468	-2.03444	0.249237	-0.0170862
-0.797743	-0.345468	-2.03444	0.249237	-0.0170862
-0.797743	-0.345468	-2.03444	0.249237	-0.0170862
-0.747068	-0.345747	-2.03445	0.239149	-0.0348827
-0.747068	-0.345747	-2.03445	0.239149	-0.0348827
-0.747068	-0.345747	-2.03445	0.239149	-0.0348827
-0.747068	-0.345747	-2.03445	0.239149	-0.0348827
-0.747068	-0.345747	-2.03445	0.239149	-0.0348827
-0.747068	-0.345747	-2.03445	0.239149	-0.0348827
-0.747068	-0.345747	-2.03445	0.239149	-0.0348827
-0.747068	-0.345747	-2.03445	0.239149	-0.0348827
-0.747068	-0.345747	-2.03445	0.239149	-0.0348827
-0.747068	-0.345747	-2.03445	0.239149	-0.0348827
-0.728282	-0.345906	-2.03445	0.242758	-0.0273608
-0.728282	-0.345906	-2.03445	0.242758	-0.0273608
-0.728282	-0.345906	-2.03445	0.242758	-0.0273608
-0.728282	-0.345906	-2.03445	0.242758	-0.0273608
-0.728282	-0.345906	-2.03445	0.242758	-0.0273608
-0.728282	-0.345906	-2.03445	0.242758	-0.0273608
-0.728282	-0.345906	-2.03445	0.242758	-0.0273608
-0.728282	-0.345906	-2.03445	0.242758	-0.0273608
-0.728282	-0.345906	-2.03445	0.242758	-0.0273608
-0.728282	-0.345906	-2.03445	0.242758	-0.0273608
-0.796475	-0.345512	-2.03444	0.290386	0.076826
-0.796475	-0.345512	-2.03444	0.290386	0.076826
-0.796475	-0.345512	-2.03444	0.290386	0.076826
-0.796475	-0.345512	-2.03444	0.290386	0.076826
-0.796475	-0.345512	-2.03444	0.290386	0.076826
-0.796475	-0.345512	-2.03444	0.290386	0.076826
-0.796475	-0.345512	-2.03444	0.290386	0.076826
-0.796475	-0.345512	-2.03444	0.290386	0.076826
-0.796475	-0.345512	-2.03444	0.290386	0.076826
-0.796475	-0.345512	-2.03444	0.290386	0.076826
-0.810876	-0.345463	-2.03445	0.237288	-0.0378963
-0.810876	-0.345463	-2.03445	0.237288	-0.0378963
-0.810876	-0.345463	-2.03445	0.237288	-0.0378963
-0.810876	-0.345463	-2.03445	0.237288	-0.0378963
-0.810876	-0.345463	-2.03445	0.237288	-0.0378963
-0.810876	-0.345463	-2.03445	0.237288	-0.0378963
-0.810876	-0.345463	-2.03445	0.237288	-0.0378963
-0.810876	-0.345463	-2.03445	0.237288	-0.0378963
-0.810876	-0.345463	-2.03445	0.237288	-0.0378963
-0.810876	-0.345463	-2.03445	0.237288	-0.0378963
-0.831821	-0.345387	-2.03444	0.292944	0.0335417
-0.831821	-0.345387	-2.03444	0.292944	0.0335417
-0.831821	-0.345387	-2.03444	0.292944	0.0335417
-0.831821	-0.345387	-2.03444	0.292944	0.0335417
-0.831821	-0.345387	-2.03444	0.292944	0.0335417
-0.831821	-0.345387	-2.03444	0.292944	0.0335417
-0.831821	-0.345387	-2.03444	0.292944	0.0335417
-0.831821	-0.345387	-2.03444	0.292944	0.0335417
-0.831821	-0.345387	-2.03444	0.292944	0.0335417
-0.831821	-0.345387	-2.03444	0.292944	0.0335417
-0.833697	-0.345383	-2.03444	0.220148	-0.00214648
-0.833697	-0.345383	-2.03444	0.220148	-0.00214648
-0.833697	-0.345383	-2.03444	0.220148	-0.00214648
-0.833697	-0.345383	-2.03444	0.220148	-0.00214648
-0.833697	-0.345383	-2.03444	0.220148	-0.00214648
-0.833697	-0.345383	-2.03444	0.220148	-0.00214648
-0.833697	-0.345383	-2.03444	0.220148	-0.00214648
-0.833697	-0.345383	-2.03444	0.220148	-0.00214648
-0.833697	-0.345383	-2.03444	0.220148	-0.00214648
-0.508242	-0.346461	-2.03445	0.223834	-0.0353131
-0.508242	-0.346461	-2.03445	0.223834	-0.0353131
-0.508242	-0.346461	-2.03445	0.223834	-0.0353131
-0.508242	-0.346461	-2.03445	0.223834	-0.0353131
-0.508242	-0.346461	-2.03445	0.223834	-0.0353131
-0.508242	-0.346461	-2.03445	0.223834	-0.0353131
-0.508242	-0.346461	-2.03445	0.223834	-0.0353131
-0.508242	-0.346461	-2.03445	0.223834	-0.0353131
-0.508242	-0.346461	-2.03445	0.223834	-0.0353131
-0.508242	-0.346461	-2.03445	0.223834	-0.0353131
-0.517834	-0.34642	-2.03444	0.210739	0.0151075
-0.517834	-0.34642	-2.03444	0.210739	0.0151075
-0.517834	-0.34642	-2.03444	0.210739	0.0151075
-0.517834	-0.34642	-2.03444	0.210739	0.0151075
-0.517834	-0.34642	-2.03444	0.210739	0.0151075
-0.517834	-0.34642	-2.03444	0.210739	0.0151075
-0.517834	-0.34642	-2.03444	0.210739	0.0151075
-0.517834	-0.34642	-2.03444	0.210739	0.0151075
-0.517834	-0.34642	-2.03444	0.210739	0.0151075
-0.517834	-0.34642	-2.03444	0.210739	0.0151075
-0.539905	-0.346321	-2.03445	0.213858	-0.0158493
-0.539905	-0.346321	-2.03445	0.213858	-0.0158493
-0.539905	-0.346321	-2.03445	0.213858	-0.0158493
-0.539905	-0.346321	-2.03445	0.213858	-0.0158493
-0.539905	-0.346321	-2.03445	0.213858	-0.0158493
-0.539905	-0.346321	-2.03445	0.213858	-0.0158493
-0.539905	-0.346321	-2.03445	0.213858	-0.0158493
-0.539905	-0.346321	-2.03445	0.213858	-0.0158493
-0.539905	-0.346321	-2.03445	0.213858	-0.0158493
-0.539905	-0.346321	-2.03445	0.213858	-0.0158493
-0.539905	-0.346321	-2.03445	0.213858	-0.0158493
-0.487264	-0.3467	-2.03445	0.206587	-0.0355069
-0.487264	-0.3467	-2.03445	0.206587	-0.0355069
-0.487264	-0.3467	-2.03445	0.206587	-0.0355069
-0.487264	-0.3467	-2.03445	0.206587	-0.0355069
-0.487264	-0.3467	-2.03445	0.206587	-0.0355069
-0.487264	-0.3467	-2.03445	0.206587	-0.0355069
-0.487264	-0.3467	-2.03445	0.206587	-0.0355069
-0.487264	-0.3467	-2.03445	0.206587	-0.0355069
-0.487264	-0.3467	-2.03445	0.206587	-0.0355069
-0.489128	-0.346683	-2.03445	0.184794	0.00355134
-0.489128	-0.346683	-2.03445	0.184794	0.00355134
-0.489128	-0.346683	-2.03445	0.184794	0.00355134
-0.489128	-0.346683	-2.03445	0.184794	0.00355134
-0.489128	-0.346683	-2.03445	0.184794	0.00355134
-0.489128	-0.346683	-2.03445	0.184794	0.00355134
-0.489128	-0.346683	-2.03445	0.184794	0.00355134
-0.489128	-0.346683	-2.03445	0.184794	0.00355134
-0.489128	-0.346683	-2.03445	0.184794	0.00355134
-0.489128	-0.346683	-2.03445	0.184794	0.00355134
-0.637015	-0.345121	-2.03445	0.14368	-0.028364
-0.637015	-0.345121	-2.03445	0.14368	-0.028364
-0.637015	-0.345121	-2.03445	0.14368	-0.028364
-0.637015	-0.345121	-2.03445	0.14368	-0.028364
-0.637015	-0.345121	-2.03445	0.14368	-0.028364
-0.637015	-0.345121	-2.03445	0.14368	-0.028364
-0.637015	-0.345121	-2.03445	0.14368	-0.028364
-0.637015	-0.345121	-2.03445	0.14368	-0.028364
-0.637015	-0.345121	-2.03445	0.14368	-0.028364
-0.637015	-0.345121	-2.03445	0.14368	-0.028364
-0.648422	-0.344997	-2.03445	0.134307	0.0225564
-0.648422	-0.344997	-2.03445	0.134307	0.0225564
-0.648422	-0.344997	-2.03445	0.134307	0.0225564
-0.648422	-0.344997	-2.03445	0.134307	0.0225564
-0.648422	-0.344997	-2.03445	0.134307	0.0225564
-0.648422	-0.344997	-2.03445	0.134307	0.0225564
-0.648422	-0.344997	-2.03445	0.134307	0.0225564
-0.648422	-0.344997	-2.03445	0.134307	0.0225564
-0.648422	-0.344997	-2.03445	0.134307	0.0225564
-0.648422	-0.344997	-2.03445	0.134307	0.0225564
-0.638865	-0.345083	-2.03445	0.0908491	0.0160154
-0.638865	-0.345083	-2.03445	0.0908491	0.0160154
-0.638865	-0.345083	-2.03445	0.0908491	0.0160154
-0.638865	-0.345083	-2.03445	0.0908491	0.0160154
-0.638865	-0.345083	-2.03445	0.0908491	0.0160154
-0.638865	-0.345083	-2.03445	0.0908491	0.0160154
-0.638865	-0.345083	-2.03445	0.0908491	0.0160154
-0.638865	-0.345083	-2.03445	0.0908491	0.0160154
-0.638865	-0.345083	-2.03445	0.0908491	0.0160154
-0.638865	-0.345083	-2.03445	0.0908491	0.0160154
-0.638865	-0.345083	-2.03445	0.0908491	0.0160154
-0.640843	-0.345066	-2.03445	0.081588	-0.00318896
-0.640843	-0.345066	-2.03445	0.081588	-0.00318896
-0.640843	-0.345066	-2.03445	0.081588	-0.00318896
-0.640843	-0.345066	-2.03445	0.081588	-0.00318896
-0.640843	-0.345066	-2.03445	0.081588	-0.00318896
-0.640843	-0.345066	-2.03445	0.081588	-0.00318896
-0.640843	-0.345066	-2.03445	0.081588	-0.00318896
-0.640843	-0.345066	-2.03445	0.081588	-0.00318896
-0.640843	-0.345066	-2.03445	0.081588	-0.00318896
-0.640843	-0.345066	-2.03445	0.081588	-0.00318896
-0.654294	-0.344953	-2.03445	0.0619145	0.00525912
-0.654294	-0.344953	-2.03445	0.0619145	0.00525912
-0.654294	-0.344953	-2.03445	0.0619145	0.00525912
-0.654294	-0.344953	-2.03445	0.0619145	0.00525912
-0.654294	-0.344953	-2.03445	0.0619145	0.00525912
-0.654294	-0.344953	-2.03445	0.0619145	0.00525912
-0.654294	-0.344953	-2.03445	0.0619145	0.00525912
-0.654294	-0.344953	-2.03445	0.0619145	0.00525912
-0.654294	-0.344953	-2.03445	0.0619145	0.00525912
-0.654294	-0.344953	-2.03445	0.0619145	0.00525912
-0.65237	-0.344969	-2.03445	0.0274463	0.00163291
-0.65237	-0.344969	-2.03445	0.0274463	0.00163291
-0.65237	-0.344969	-2.03445	0.0274463	0.00163291
-0.65237	-0.344969	-2.03445	0.0274463	0.00163291
-0.65237	-0.344969	-2.03445	0.0274463	0.00163291
-0.65237	-0.344969	-2.03445	0.0274463	0.00163291
-0.65237	-0.344969	-2.03445	0.0274463	0.00163291
-0.65237	-0.344969	-2.03445	0.0274463	0.00163291
-0.65237	-0.344969	-2.03445	0.0274463	0.00163291
-0.65237	-0.344969	-2.03445	0.0274463	0.00163291
-0.65151	-0.344976	-2.03445	0.00892909	0.000511125
-0.65151	-0.344976	-2.03445	0.00892909	0.000511125
-0.65151	-0.344976	-2.03445	0.00892909	0.000511125
-0.65151	-0.344976	-2.03445	0.00892909	0.000511125
-0.65151	-0.344976	-2.03445	0.00892909	0.000511125
-0.65151	-0.344976	-2.03445	0.00892909	0.000511125
-0.65151	-0.344976	-2.03445	0.00892909	0.000511125
-0.65151	-0.344976	-2.03445	0.00892909	0.000511125
-0.65151	-0.344976	-2.03445	0.00892909	0.000511125
-0.654136	-0.344955	-2.03445	-0.0150927	-0.0016252
-0.654136	-0.344955	-2.03445	-0.0150927	-0.0016252
-0.654136	-0.344955	-2.03445	-0.0150927	-0.0016252
-0.654136	-0.344955	-2.03445	-0.0150927	-0.0016252
-0.654136	-0.344955	-2.03445	-0.0150927	-0.0016252
-0.654136	-0.344955	-2.03445	-0.0150927	-0.0016252
-0.654136	-0.344955	-2.03445	-0.0150927	-0.0016252
-0.654136	-0.344955	-2.03445	-0.0150927	-0.0016252
-0.654136	-0.344955	-2.03445	-0.0150927	-0.0016252
-0.654136	-0.344955	-2.03445	-0.0150927	-0.0016252
-0.654136	-0.344955	-2.03445	-0.0150927	-0.0016252
-0.65466	-0.34495	-2.03445	-0.0396717	-0.000525856
-0.65466	-0.34495	-2.03445	-0.0396717	-0.000525856
-0.65466	-0.34495	-2.03445	-0.0396717	-0.000525856
-0.65466	-0.34495	-2.03445	-0.0396717	-0.000525856
-0.65466	-0.34495	-2.03445	-0.0396717	-0.000525856
-0.65466	-0.34495	-2.03445	-0.0396717	-0.000525856
-0.65466	-0.34495	-2.03445	-0.0396717	-0.000525856
-0.65466	-0.34495	-2.03445	-0.0396717	-0.000525856
-0.65466	-0.34495	-2.03445	-0.0396717	-0.000525856
-0.53314	-0.345847	-2.03445	-0.0657256	0.0178419
-0.53314	-0.345847	-2.03445	-0.0657256	0.0178419
-0.53314	-0.345847	-2.03445	-0.0657256	0.0178419
-0.53314	-0.345847	-2.03445	-0.0657256	0.0178419
-0.53314	-0.345847	-2.03445	-0.0657256	0.0178419
-0.53314	-0.345847	-2.03445	-0.0657256	0.0178419
-0.53314	-0.345847	-2.03445	-0.0657256	0.0178419
-0.53314	-0.345847	-2.03445	-0.0657256	0.0178419
-0.53314	-0.345847	-2.03445	-0.0657256	0.0178419
-0.53314	-0.345847	-2.03445	-0.0657256	0.0178419
-0.52802	-0.345885	-2.03445	-0.0856511	-0.0138943
-0.52802	-0.345885	-2.03445	-0.0856511	-0.0138943
-0.52802	-0.345885	-2.03445	-0.0856511	-0.0138943
-0.52802	-0.345885	-2.03445	-0.0856511	-0.0138943
-0.52802	-0.345885	-2.03445	-0.0856511	-0.0138943
-0.52802	-0.345885	-2.03445	-0.0856511	-0.0138943
-0.52802	-0.345885	-2.03445	-0.0856511	-0.0138943
-0.52802	-0.345885	-2.03445	-0.0856511	-0.0138943
-0.52802	-0.345885	-2.03445	-0.0856511	-0.0138943
-0.52802	-0.345885	-2.03445	-0.0856511	-0.0138943
-0.523426	-0.34592	-2.03445	-0.104316	0.00746904
-0.523426	-0.34592	-2.03445	-0.104316	0.00746904
-0.523426	-0.34592	-2.03445	-0.104316	0.00746904
-0.523426	-0.34592	-2.03445	-0.104316	0.00746904
-0.523426	-0.34592	-2.03445	-0.104316	0.00746904
-0.523426	-0.34592	-2.03445	-0.104316	0.00746904
-0.523426	-0.34592	-2.03445	-0.104316	0.00746904
-0.523426	-0.34592	-2.03445	-0.104316	0.00746904
-0.523426	-0.34592	-2.03445	-0.104316	0.00746904
-0.523426	-0.34592	-2.03445	-0.104316	0.00746904
-0.548035	-0.34576	-2.03445	-0.138367	0.0175745
-0.548035	-0.34576	-2.03445	-0.138367	0.0175745
-0.548035	-0.34576	-2.03445	-0.138367	0.0175745
-0.548035	-0.34576	-2.03445	-0.138367	0.0175745
-0.548035	-0.34576	-2.03445	-0.138367	0.0175745
-0.548035	-0.34576	-2.03445	-0.138367	0.0175745
-0.548035	-0.34576	-2.03445	-0.138367	0.0175745
-0.548035	-0.34576	-2.03445	-0.138367	0.0175745
-0.548035	-0.34576	-2.03445	-0.138367	0.0175745
-0.548035	-0.34576	-2.03445	-0.138367	0.0175745
-0.546964	-0.345766	-2.03445	-0.152696	-0.00135939
-0.546964	-0.345766	-2.03445	-0.152696	-0.00135939
-0.546964	-0.345766	-2.03445	-0.152696	-0.00135939
-0.546964	-0.345766	-2.03445	-0.152696	-0.00135939
-0.546964	-0.345766	-2.03445	-0.152696	-0.00135939
-0.546964	-0.345766	-2.03445	-0.152696	-0.00135939
-0.546964	-0.345766	-2.03445	-0.152696	-0.00135939
-0.546964	-0.345766	-2.03445	-0.152696	-0.00135939
-0.546964	-0.345766	-2.03445	-0.152696	-0.00135939
-0.546964	-0.345766	-2.03445	-0.152696	-0.00135939
-0.295156	-0.346839	-2.03444	-0.18246	0.0224602
-0.295156	-0.346839	-2.03444	-0.18246	0.0224602
-0.295156	-0.346839	-2.03444	-0.18246	0.0224602
-0.295156	-0.346839	-2.03444	-0.18246	0.0224602
-0.295156	-0.346839	-2.03444	-0.18246	0.0224602
-0.295156	-0.346839	-2.03444	-0.18246	0.0224602
-0.295156	-0.346839	-2.03444	-0.18246	0.0224602
-0.295156	-0.346839	-2.03444	-0.18246	0.0224602
-0.295156	-0.346839	-2.03444	-0.18246	0.0224602
-0.295156	-0.346839	-2.03444	-0.18246	0.0224602
-0.289134	-0.346859	-2.03444	-0.188899	-0.00742392
-0.289134	-0.346859	-2.03444	-0.188899	-0.00742392
-0.289134	-0.346859	-2.03444	-0.188899	-0.00742392
-0.289134	-0.346859	-2.03444	-0.188899	-0.00742392
-0.289134	-0.346859	-2.03444	-0.188899	-0.00742392
-0.289134	-0.346859	-2.03444	-0.188899	-0.00742392
-0.289134	-0.346859	-2.03444	-0.188899	-0.00742392
-0.289134	-0.346859	-2.03444	-0.188899	-0.00742392
-0.289134	-0.346859	-2.03444	-0.188899	-0.00742392
-0.289134	-0.346859	-2.03444	-0.188899	-0.00742392
-0.289134	-0.346859	-2.03444	-0.188899	-0.00742392
-0.31077	-0.346774	-2.03444	-0.215791	-0.00774051
-0.31077	-0.346774	-2.03444	-0.215791	-0.00774051
-0.31077	-0.346774	-2.03444	-0.215791	-0.00774051
-0.31077	-0.346774	-2.03444	-0.215791	-0.00774051
-0.31077	-0.346774	-2.03444	-0.215791	-0.00774051
-0.31077	-0.346774	-2.03444	-0.215791	-0.00774051
-0.31077	-0.346774	-2.03444	-0.215791	-0.00774051
-0.31077	-0.346774	-2.03444	-0.215791	-0.00774051
-0.31077	-0.346774	-2.03444	-0.215791	-0.00774051
-0.304186	-0.346802	-2.03444	-0.222222	0.00260749
-0.304186	-0.346802	-2.03444	-0.222222	0.00260749
-0.304186	-0.346802	-2.03444	-0.222222	0.00260749
-0.304186	-0.346802	-2.03444	-0.222222	0.00260749
-0.304186	-0.346802	-2.03444	-0.222222	0.00260749
-0.304186	-0.346802	-2.03444	-0.222222	0.00260749
-0.304186	-0.346802	-2.03444	-0.222222	0.00260749
-0.304186	-0.346802	-2.03444	-0.222222	0.00260749
-0.304186	-0.346802	-2.03444	-0.222222	0.00260749
-0.304186	-0.346802	-2.03444	-0.222222	0.00260749
-0.46208	-0.346349	-2.03444	-0.230498	0.0185345
-0.46208	-0.346349	-2.03444	-0.230498	0.0185345
-0.46208	-0.346349	-2.03444	-0.230498	0.0185345
-0.46208	-0.346349	-2.03444	-0.230498	0.0185345
-0.46208	-0.346349	-2.03444	-0.230498	0.0185345
-0.46208	-0.346349	-2.03444	-0.230498	0.0185345
-0.46208	-0.346349	-2.03444	-0.230498	0.0185345
-0.46208	-0.346349	-2.03444	-0.230498	0.0185345
-0.46208	-0.346349	-2.03444	-0.230498	0.0185345
-0.46208	-0.346349	-2.03444	-0.230498	0.0185345
-0.446761	-0.346391	-2.03444	-0.250626	-0.0123237
-0.446761	-0.346391	-2.03444	-0.250626	-0.0123237
-0.446761	-0.346391	-2.03444	-0.250626	-0.0123237
-0.446761	-0.346391	-2.03444	-0.250626	-0.0123237
-0.446761	-0.346391	-2.03444	-0.250626	-0.0123237
-0.446761	-0.346391	-2.03444	-0.250626	-0.0123237
-0.446761	-0.346391	-2.03444	-0.250626	-0.0123237
-0.446761	-0.346391	-2.03444	-0.250626	-0.0123237
-0.446761	-0.346391	-2.03444	-0.250626	-0.0123237
-0.446761	-0.346391	-2.03444	-0.250626	-0.0123237
-0.427967	-0.346446	-2.03444	-0.256456	0.00924039
-0.427967	-0.346446	-2.03444	-0.256456	0.00924039
-0.427967	-0.346446	-2.03444	-0.256456	0.00924039
-0.427967	-0.346446	-2.03444	-0.256456	0.00924039
-0.427967	-0.346446	-2.03444	-0.256456	0.00924039
-0.427967	-0.346446	-2.03444	-0.256456	0.00924039
-0.427967	-0.346446	-2.03444	-0.256456	0.00924039
-0.427967	-0.346446	-2.03444	-0.256456	0.00924039
-0.427967	-0.346446	-2.03444	-0.256456	0.00924039
-0.427967	-0.346446	-2.03444	-0.256456	0.00924039
-0.386737	-0.346585	-2.03444	-0.201073	-0.0148824
-0.386737	-0.346585	-2.03444	-0.201073	-0.0148824
-0.386737	-0.346585	-2.03444	-0.201073	-0.0148824
-0.386737	-0.346585	-2.03444	-0.201073	-0.0148824
-0.386737	-0.346585	-2.03444	-0.201073	-0.0148824
-0.386737	-0.346585	-2.03444	-0.201073	-0.0148824
-0.386737	-0.346585	-2.03444	-0.201073	-0.0148824
-0.386737	-0.346585	-2.03444	-0.201073	-0.0148824
-0.386737	-0.346585	-2.03444	-0.201073	-0.0148824
-0.386737	-0.346585	-2.03444	-0.201073	-0.0148824
-0.398983	-0.34653	-2.03445	-0.235014	-0.00901023
-0.398983	-0.34653	-2.03445	-0.235014	-0.00901023
-0.398983	-0.34653	-2.03445	-0.235014	-0.00901023
-0.398983	-0.34653	-2.03445	-0.235014	-0.00901023
-0.398983	-0.34653	-2.03445	-0.235014	-0.00901023
-0.398983	-0.34653	-2.03445	-0.235014	-0.00901023
-0.398983	-0.34653	-2.03445	-0.235014	-0.00901023
-0.398983	-0.34653	-2.03445	-0.235014	-0.00901023
-0.398983	-0.34653	-2.03445	-0.235014	-0.00901023
-0.398983	-0.34653	-2.03445	-0.235014	-0.00901023
-0.394114	-0.346555	-2.03445	-0.257886	0.001877
-0.394114	-0.346555	-2.03445	-0.257886	0.001877
-0.394114	-0.346555	-2.03445	-0.257886	0.001877
-0.394114	-0.346555	-2.03445	-0.257886	0.001877
-0.394114	-0.346555	-2.03445	-0.257886	0.001877
-0.394114	-0.346555	-2.03445	-0.257886	0.001877
-0.394114	-0.346555	-2.03445	-0.257886	0.001877
-0.394114	-0.346555	-2.03445	-0.257886	0.001877
-0.394114	-0.346555	-2.03445	-0.257886	0.001877
-0.394114	-0.346555	-2.03445	-0.257886	0.001877
-0.556455	-0.345782	-2.03444	-0.244539	0.0118369
-0.556455	-0.345782	-2.03444	-0.244539	0.0118369
-0.556455	-0.345782	-2.03444	-0.244539	0.0118369
-0.556455	-0.345782	-2.03444	-0.244539	0.0118369
-0.556455	-0.345782	-2.03444	-0.244539	0.0118369
-0.556455	-0.345782	-2.03444	-0.244539	0.0118369
-0.556455	-0.345782	-2.03444	-0.244539	0.0118369
-0.556455	-0.345782	-2.03444	-0.244539	0.0118369
-0.556455	-0.345782	-2.03444	-0.244539	0.0118369
-0.556455	-0.345782	-2.03444	-0.244539	0.0118369
-0.49514	-0.34612	-2.03445	-0.227415	-0.0296682
-0.49514	-0.34612	-2.03445	-0.227415	-0.0296682
-0.49514	-0.34612	-2.03445	-0.227415	-0.0296682
-0.49514	-0.34612	-2.03445	-0.227415	-0.0296682
-0.49514	-0.34612	-2.03445	-0.227415	-0.0296682
-0.49514	-0.34612	-2.03445	-0.227415	-0.0296682
-0.49514	-0.34612	-2.03445	-0.227415	-0.0296682
-0.49514	-0.34612	-2.03445	-0.227415	-0.0296682
-0.49514	-0.34612	-2.03445	-0.227415	-0.0296682
-0.49514	-0.34612	-2.03445	-0.227415	-0.0296682
-0.449314	-0.346335	-2.03444	-0.263818	0.0595615
-0.449314	-0.346335	-2.03444	-0.263818	0.0595615
-0.449314	-0.346335	-2.03444	-0.263818	0.0595615
-0.449314	-0.346335	-2.03444	-0.263818	0.0595615
-0.449314	-0.346335	-2.03444	-0.263818	0.0595615
-0.449314	-0.346335	-2.03444	-0.263818	0.0595615
-0.449314	-0.346335	-2.03444	-0.263818	0.0595615
-0.449314	-0.346335	-2.03444	-0.263818	0.0595615
-0.449314	-0.346335	-2.03444	-0.263818	0.0595615
-0.449314	-0.346335	-2.03444	-0.263818	0.0595615
-0.445582	-0.346342	-2.03444	-0.203716	-0.00842478
-0.445582	-0.346342	-2.03444	-0.203716	-0.00842478
-0.445582	-0.346342	-2.03444	-0.203716	-0.00842478
-0.445582	-0.346342	-2.03444	-0.203716	-0.00842478
-0.445582	-0.346342	-2.03444	-0.203716	-0.00842478
-0.445582	-0.346342	-2.03444	-0.203716	-0.00842478
-0.445582	-0.346342	-2.03444	-0.203716	-0.00842478
-0.445582	-0.346342	-2.03444	-0.203716	-0.00842478
-0.445582	-0.346342	-2.03444	-0.203716	-0.00842478
-0.445582	-0.346342	-2.03444	-0.203716	-0.00842478
-0.490381	-0.346189	-2.03444	-0.185644	-0.0185558
-0.490381	-0.346189	-2.03444	-0.185644	-0.0185558
-0.490381	-0.346189	-2.03444	-0.185644	-0.0185558
-0.490381	-0.346189	-2.03444	-0.185644	-0.0185558
-0.490381	-0.346189	-2.03444	-0.185644	-0.0185558
-0.490381	-0.346189	-2.03444	-0.185644	-0.0185558
-0.490381	-0.346189	-2.03444	-0.185644	-0.0185558
-0.490381	-0.346189	-2.03444	-0.185644	-0.0185558
-0.490381	-0.346189	-2.03444	-0.185644	-0.0185558
-0.490381	-0.346189	-2.03444	-0.185644	-0.0185558
-0.51141	-0.346072	-2.03445	-0.166977	-0.0208815
-0.51141	-0.346072	-2.03445	-0.166977	-0.0208815
-0.51141	-0.346072	-2.03445	-0.166977	-0.0208815
-0.51141	-0.346072	-2.03445	-0.166977	-0.0208815
-0.51141	-0.346072	-2.03445	-0.166977	-0.0208815
-0.51141	-0.346072	-2.03445	-0.166977	-0.0208815
-0.51141	-0.346072	-2.03445	-0.166977	-0.0208815
-0.51141	-0.346072	-2.03445	-0.166977	-0.0208815
-0.51141	-0.346072	-2.03445	-0.166977	-0.0208815
-0.51141	-0.346072	-2.03445	-0.166977	-0.0208815
-0.530722	-0.345921	-2.03445	-0.126188	-0.0243956
-0.530722	-0.345921	-2.03445	-0.126188	-0.0243956
-0.530722	-0.345921	-2.03445	-0.126188	-0.0243956
-0.530722	-0.345921	-2.03445	-0.126188	-0.0243956
-0.530722	-0.345921	-2.03445	-0.126188	-0.0243956
-0.530722	-0.345921	-2.03445	-0.126188	-0.0243956
-0.530722	-0.345921	-2.03445	-0.126188	-0.0243956
-0.530722	-0.345921	-2.03445	-0.126188	-0.0243956
-0.530722	-0.345921	-2.03445	-0.126188	-0.0243956
-0.530722	-0.345921	-2.03445	-0.126188	-0.0243956
-0.518494	-0.346015	-2.03445	-0.15804	0.0235352
-0.518494	-0.346015	-2.03445	-0.15804	0.0235352
-0.518494	-0.346015	-2.03445	-0.15804	0.0235352
-0.518494	-0.346015	-2.03445	-0.15804	0.0235352
-0.518494	-0.346015	-2.03445	-0.15804	0.0235352
-0.518494	-0.346015	-2.03445	-0.15804	0.0235352
-0.518494	-0.346015	-2.03445	-0.15804	0.0235352
-0.518494	-0.346015	-2.03445	-0.15804	0.0235352
-0.518494	-0.346015	-2.03445	-0.15804	0.0235352
-0.518494	-0.346015	-2.03445	-0.15804	0.0235352
-0.536954	-0.345916	-2.03444	-0.143139	0.0275582
-0.536954	-0.345916	-2.03444	-0.143139	0.0275582
-0.536954	-0.345916	-2.03444	-0.143139	0.0275582
-0.536954	-0.345916	-2.03444	-0.143139	0.0275582
-0.536954	-0.345916	-2.03444	-0.143139	0.0275582
-0.536954	-0.345916	-2.03444	-0.143139	0.0275582
-0.536954	-0.345916	-2.03444	-0.143139	0.0275582
-0.536954	-0.345916	-2.03444	-0.143139	0.0275582
-0.536954	-0.345916	-2.03444	-0.143139	0.0275582
-0.536954	-0.345916	-2.03444	-0.143139	0.0275582
-0.537233	-0.345915	-2.03444	-0.100883	0.000536537
-0.537233	-0.345915	-2.03444	-0.100883	0.000536537
-0.537233	-0.345915	-2.03444	-0.100883	0.000536537
-0.537233	-0.345915	-2.03444	-0.100883	0.000536537
-0.537233	-0.345915	-2.03444	-0.100883	0.000536537
-0.537233	-0.345915	-2.03444	-0.100883	0.000536537
-0.537233	-0.345915	-2.03444	-0.100883	0.000536537
-0.537233	-0.345915	-2.03444	-0.100883	0.000536537
-0.537233	-0.345915	-2.03444	-0.100883	0.000536537
-0.537233	-0.345915	-2.03444	-0.100883	0.000536537
-0.636883	-0.345539	-2.03444	-0.0897727	0.00532509
-0.636883	-0.345539	-2.03444	-0.0897727	0.00532509
-0.636883	-0.345539	-2.03444	-0.0897727	0.00532509
-0.636883	-0.345539	-2.03444	-0.0897727	0.00532509
-0.636883	-0.345539	-2.03444	-0.0897727	0.00532509
-0.636883	-0.345539	-2.03444	-0.0897727	0.00532509
-0.636883	-0.345539	-2.03444	-0.0897727	0.00532509
-0.636883	-0.345539	-2.03444	-0.0897727	0.00532509
-0.636883	-0.345539	-2.03444	-0.0897727	0.00532509
-0.636883	-0.345539	-2.03444	-0.0897727	0.00532509
-0.64601	-0.345509	-2.03444	-0.0827833	0.00540845
-0.64601	-0.345509	-2.03444	-0.0827833	0.00540845
-0.64601	-0.345509	-2.03444	-0.0827833	0.00540845
-0.64601	-0.345509	-2.03444	-0.0827833	0.00540845
-0.64601	-0.345509	-2.03444	-0.0827833	0.00540845
-0.64601	-0.345509	-2.03444	-0.0827833	0.00540845
-0.64601	-0.345509	-2.03444	-0.0827833	0.00540845
-0.64601	-0.345509	-2.03444	-0.0827833	0.00540845
-0.64601	-0.345509	-2.03444	-0.0827833	0.00540845
-0.64601	-0.345509	-2.03444	-0.0827833	0.00540845
-0.644578	-0.345513	-2.03444	-0.0525993	-0.000932451
-0.644578	-0.345513	-2.03444	-0.0525993	-0.000932451
-0.644578	-0.345513	-2.03444	-0.0525993	-0.000932451
-0.644578	-0.345513	-2.03444	-0.0525993	-0.000932451
-0.644578	-0.345513	-2.03444	-0.0525993	-0.000932451
-0.644578	-0.345513	-2.03444	-0.0525993	-0.000932451
-0.644578	-0.345513	-2.03444	-0.0525993	-0.000932451
-0.644578	-0.345513	-2.03444	-0.0525993	-0.000932451
-0.644578	-0.345513	-2.03444	-0.0525993	-0.000932451
-0.644578	-0.345513	-2.03444	-0.0525993	-0.000932451
-0.642064	-0.34552	-2.03444	-0.0101794	0.000445356
-0.642064	-0.34552	-2.03444	-0.0101794	0.000445356
-0.642064	-0.34552	-2.03444	-0.0101794	0.000445356
-0.642064	-0.34552	-2.03444	-0.0101794	0.000445356
-0.642064	-0.34552	-2.03444	-0.0101794	0.000445356
-0.642064	-0.34552	-2.03444	-0.0101794	0.000445356
-0.642064	-0.34552	-2.03444	-0.0101794	0.000445356
-0.642064	-0.34552	-2.03444	-0.0101794	0.000445356
-0.642064	-0.34552	-2.03444	-0.0101794	0.000445356
-0.642064	-0.34552	-2.03444	-0.0101794	0.000445356
-0.641853	-0.345521	-2.03444	0.00339049	-9.26264e-05
-0.641853	-0.345521	-2.03444	0.00339049	-9.26264e-05
-0.641853	-0.345521	-2.03444	0.00339049	-9.26264e-05
-0.641853	-0.345521	-2.03444	0.00339049	-9.26264e-05
-0.641853	-0.345521	-2.03444	0.00339049	-9.26264e-05
-0.641853	-0.345521	-2.03444	0.00339049	-9.26264e-05
-0.641853	-0.345521	-2.03444	0.00339049	-9.26264e-05
-0.641853	-0.345521	-2.03444	0.00339049	-9.26264e-05
-0.641853	-0.345521	-2.03444	0.00339049	-9.26264e-05
-0.641853	-0.345521	-2.03444	0.00339049	-9.26264e-05
-0.633484	-0.345546	-2.03444	0.0293947	-0.0022814
-0.633484	-0.345546	-2.03444	0.0293947	-0.0022814
-0.633484	-0.345546	-2.03444	0.0293947	-0.0022814
-0.633484	-0.345546	-2.03444	0.0293947	-0.0022814
-0.633484	-0.345546	-2.03444	0.0293947	-0.0022814
-0.633484	-0.345546	-2.03444	0.0293947	-0.0022814
-0.633484	-0.345546	-2.03444	0.0293947	-0.0022814
-0.633484	-0.345546	-2.03444	0.0293947	-0.0022814
-0.633484	-0.345546	-2.03444	0.0293947	-0.0022814
-0.633484	-0.345546	-2.03444	0.0293947	-0.0022814
-0.644219	-0.345517	-2.03444	0.0501587	0.00834407
-0.644219	-0.345517	-2.03444	0.0501587	0.00834407
-0.644219	-0.345517	-2.03444	0.0501587	0.00834407
-0.644219	-0.345517	-2.03444	0.0501587	0.00834407
-0.644219	-0.345517	-2.03444	0.0501587	0.00834407
-0.644219	-0.345517	-2.03444	0.0501587	0.00834407
-0.644219	-0.345517	-2.03444	0.0501587	0.00834407
-0.644219	-0.345517	-2.03444	0.0501587	0.00834407
-0.644219	-0.345517	-2.03444	0.0501587	0.00834407
-0.644219	-0.345517	-2.03444	0.0501587	0.00834407
-0.641544	-0.345522	-2.03444	0.0734626	0.00444475
-0.641544	-0.345522	-2.03444	0.0734626	0.00444475
-0.641544	-0.345522	-2.03444	0.0734626	0.00444475
-0.641544	-0.345522	-2.03444	0.0734626	0.00444475
-0.641544	-0.345522	-2.03444	0.0734626	0.00444475
-0.641544	-0.345522	-2.03444	0.0734626	0.00444475
-0.641544	-0.345522	-2.03444	0.0734626	0.00444475
-0.641544	-0.345522	-2.03444	0.0734626	0.00444475
-0.641544	-0.345522	-2.03444	0.0734626	0.00444475
-0.641544	-0.345522	-2.03444	0.0734626	0.00444475
-0.616412	-0.345547	-2.03444	0.0890943	0.0152203
-0.616412	-0.345547	-2.03444	0.0890943	0.0152203
-0.616412	-0.345547	-2.03444	0.0890943	0.0152203
-0.616412	-0.345547	-2.03444	0.0890943	0.0152203
-0.616412	-0.345547	-2.03444	0.0890943	0.0152203
-0.616412	-0.345547	-2.03444	0.0890943	0.0152203
-0.616412	-0.345547	-2.03444	0.0890943	0.0152203
-0.616412	-0.345547	-2.03444	0.0890943	0.0152203
-0.616412	-0.345547	-2.03444	0.0890943	0.0152203
-0.616412	-0.345547	-2.03444	0.0890943	0.0152203
-0.614708	-0.345548	-2.03444	0.115601	0.00290687
-0.614708	-0.345548	-2.03444	0.115601	0.00290687
-0.614708	-0.345548	-2.03444	0.115601	0.00290687
-0.614708	-0.345548	-2.03444	0.115601	0.00290687
-0.614708	-0.345548	-2.03444	0.115601	0.00290687
-0.614708	-0.345548	-2.03444	0.115601	0.00290687
-0.614708	-0.345548	-2.03444	0.115601	0.00290687
-0.614708	-0.345548	-2.03444	0.115601	0.00290687
-0.614708	-0.345548	-2.03444	0.115601	0.00290687
-0.614708	-0.345548	-2.03444	0.115601	0.00290687
-0.558061	-0.345512	2.03444	0.1405	0.0141677
-0.558061	-0.345512	2.03444	0.1405	0.0141677
-0.558061	-0.345512	2.03444	0.1405	0.0141677
-0.558061	-0.345512	2.03444	0.1405	0.0141677
-0.558061	-0.345512	2.03444	0.1405	0.0141677
-0.558061	-0.345512	2.03444	0.1405	0.0141677
-0.558061	-0.345512	2.03444	0.1405	0.0141677
-0.558061	-0.345512	2.03444	0.1405	0.0141677
-0.558061	-0.345512	2.03444	0.1405	0.0141677
-0.558061	-0.345512	2.03444	0.1405	0.0141677
-0.54925	-0.345495	2.03444	0.164544	0.00893884
-0.54925	-0.345495	2.03444	0.164544	0.00893884
-0.54925	-0.345495	2.03444	0.164544	0.00893884
-0.54925	-0.345495	2.03444	0.164544	0.00893884
-0.54925	-0.345495	2.03444	0.164544	0.00893884
-0.54925	-0.345495	2.03444	0.164544	0.00893884
-0.54925	-0.345495	2.03444	0.164544	0.00893884
-0.54925	-0.345495	2.03444	0.164544	0.00893884
-0.54925	-0.345495	2.03444	0.164544	0.00893884
-0.54925	-0.345495	2.03444	0.164544	0.00893884
-0.548136	-0.345492	2.03444	0.163009	0.000600289
-0.548136	-0.345492	2.03444	0.163009	0.000600289
-0.548136	-0.345492	2.03444	0.163009	0.000600289
-0.548136	-0.345492	2.03444	0.163009	0.000600289
-0.548136	-0.345492	2.03444	0.163009	0.000600289
-0.548136	-0.345492	2.03444	0.163009	0.000600289
-0.548136	-0.345492	2.03444	0.163009	0.000600289
-0.548136	-0.345492	2.03444	0.163009	0.000600289
-0.548136	-0.345492	2.03444	0.163009	0.000600289
-0.548136	-0.345492	2.03444	0.163009	0.000600289
-0.425583	-0.34511	2.03444	0.207704	0.00454841
-0.425583	-0.34511	2.03444	0.207704	0.00454841
-0.425583	-0.34511	2.03444	0.207704	0.00454841
-0.425583	-0.34511	2.03444	0.207704	0.00454841
-0.425583	-0.34511	2.03444	0.207704	0.00454841
-0.425583	-0.34511	2.03444	0.207704	0.00454841
-0.425583	-0.34511	2.03444	0.207704	0.00454841
-0.425583	-0.34511	2.03444	0.207704	0.00454841
-0.425583	-0.34511	2.03444	0.207704	0.00454841
-0.425583	-0.34511	2.03444	0.207704	0.00454841
-0.3062	-0.344562	2.03445	0.191759	0.0261011
-0.3062	-0.344562	2.03445	0.191759	0.0261011
-0.3062	-0.344562	2.03445	0.191759	0.0261011
-0.3062	-0.344562	2.03445	0.191759	0.0261011
-0.3062	-0.344562	2.03445	0.191759	0.0261011
-0.3062	-0.344562	2.03445	0.191759	0.0261011
-0.3062	-0.344562	2.03445	0.191759	0.0261011
-0.3062	-0.344562	2.03445	0.191759	0.0261011
-0.3062	-0.344562	2.03445	0.191759	0.0261011
-0.3062	-0.344562	2.03445	0.191759	0.0261011
-0.282709	-0.344388	2.03445	0.210529	0.0320783
-0.282709	-0.344388	2.03445	0.210529	0.0320783
-0.282709	-0.344388	2.03445	0.210529	0.0320783
-0.282709	-0.344388	2.03445	0.210529	0.0320783
-0.282709	-0.344388	2.03445	0.210529	0.0320783
-0.282709	-0.344388	2.03445	0.210529	0.0320783
-0.282709	-0.344388	2.03445	0.210529	0.0320783
-0.282709	-0.344388	2.03445	0.210529	0.0320783
-0.282709	-0.344388	2.03445	0.210529	0.0320783
-0.282709	-0.344388	2.03445	0.210529	0.0320783
-0.308512	-0.344567	2.03445	0.230909	-0.0391747
-0.308512	-0.344567	2.03445	0.230909	-0.0391747
-0.308512	-0.344567	2.03445	0.230909	-0.0391747
-0.308512	-0.344567	2.03445	0.230909	-0.0391747
-0.308512	-0.344567	2.03445	0.230909	-0.0391747
-0.308512	-0.344567	2.03445	0.230909	-0.0391747
-0.308512	-0.344567	2.03445	0.230909	-0.0391747
-0.308512	-0.344567	2.03445	0.230909	-0.0391747
-0.308512	-0.344567	2.03445	0.230909	-0.0391747
-0.308512	-0.344567	2.03445	0.230909	-0.0391747
-0.317092	-0.344616	2.03445	0.234722	0.0146022
-0.317092	-0.344616	2.03445	0.234722	0.0146022
-0.317092	-0.344616	2.03445	0.234722	0.0146022
-0.317092	-0.344616	2.03445	0.234722	0.0146022
-0.317092	-0.344616	2.03445	0.234722	0.0146022
-0.317092	-0.344616	2.03445	0.234722	0.0146022
-0.317092	-0.344616	2.03445	0.234722	0.0146022
-0.317092	-0.344616	2.03445	0.234722	0.0146022
-0.317092	-0.344616	2.03445	0.234722	0.0146022
-0.317092	-0.344616	2.03445	0.234722	0.0146022
-0.298402	-0.344486	2.03445	0.200173	0.0116362
-0.298402	-0.344486	2.03445	0.200173	0.0116362
-0.298402	-0.344486	2.03445	0.200173	0.0116362
-0.298402	-0.344486	2.03445	0.200173	0.0116362
-0.298402	-0.344486	2.03445	0.200173	0.0116362
-0.298402	-0.344486	2.03445	0.200173	0.0116362
-0.298402	-0.344486	2.03445	0.200173	0.0116362
-0.298402	-0.344486	2.03445	0.200173	0.0116362
-0.298402	-0.344486	2.03445	0.200173	0.0116362
-0.298402	-0.344486	2.03445	0.200173	0.0116362
-0.312014	-0.344581	2.03445	0.237581	-0.0079165
-0.312014	-0.344581	2.03445	0.237581	-0.0079165
-0.312014	-0.344581	2.03445	0.237581	-0.0079165
-0.312014	-0.344581	2.03445	0.237581	-0.0079165
-0.312014	-0.344581	2.03445	0.237581	-0.0079165
-0.312014	-0.344581	2.03445	0.237581	-0.0079165
-0.312014	-0.344581	2.03445	0.237581	-0.0079165
-0.312014	-0.344581	2.03445	0.237581	-0.0079165
-0.312014	-0.344581	2.03445	0.237581	-0.0079165
-0.312014	-0.344581	2.03445	0.237581	-0.0079165
-0.230983	-0.344155	2.03444	0.256711	-0.0270764
-0.230983	-0.344155	2.03444	0.256711	-0.0270764
-0.230983	-0.344155	2.03444	0.256711	-0.0270764
-0.230983	-0.344155	2.03444	0.256711	-0.0270764
-0.230983	-0.344155	2.03444	0.256711	-0.0270764
-0.230983	-0.344155	2.03444	0.256711	-0.0270764
-0.230983	-0.344155	2.03444	0.256711	-0.0270764
-0.230983	-0.344155	2.03444	0.256711	-0.0270764
-0.230983	-0.344155	2.03444	0.256711	-0.0270764
-0.230983	-0.344155	2.03444	0.256711	-0.0270764
-0.226848	-0.344139	2.03444	0.199274	-0.00431902
-0.226848	-0.344139	2.03444	0.199274	-0.00431902
-0.226848	-0.344139	2.03444	0.199274	-0.00431902
-0.226848	-0.344139	2.03444	0.199274	-0.00431902
-0.226848	-0.344139	2.03444	0.199274	-0.00431902
-0.226848	-0.344139	2.03444	0.199274	-0.00431902
-0.226848	-0.344139	2.03444	0.199274	-0.00431902
-0.226848	-0.344139	2.03444	0.199274	-0.00431902
-0.226848	-0.344139	2.03444	0.199274	-0.00431902
-0.226848	-0.344139	2.03444	0.199274	-0.00431902
-0.226848	-0.344139	2.03444	0.199274	-0.00431902
-0.0899664	-0.343863	2.03444	0.228432	-0.0271966
-0.0899664	-0.343863	2.03444	0.228432	-0.0271966
-0.0899664	-0.343863	2.03444	0.228432	-0.0271966
-0.0899664	-0.343863	2.03444	0.228432	-0.0271966
-0.0899664	-0.343863	2.03444	0.228432	-0.0271966
-0.0899664	-0.343863	2.03444	0.228432	-0.0271966
-0.0899664	-0.343863	2.03444	0.228432	-0.0271966
-0.0899664	-0.343863	2.03444	0.228432	-0.0271966
-0.0899664	-0.343863	2.03444	0.228432	-0.0271966
-0.0899664	-0.343863	2.03444	0.228432	-0.0271966
-0.0682192	-0.343879	-2.03444	0.234552	-0.0258616
-0.0682192	-0.343879	-2.03444	0.234552	-0.0258616
-0.0682192	-0.343879	-2.03444	0.234552	-0.0258616
-0.0682192	-0.343879	-2.03444	0.234552	-0.0258616
-0.0682192	-0.343879	-2.03444	0.234552	-0.0258616
-0.0682192	-0.343879	-2.03444	0.234552	-0.0258616
-0.0682192	-0.343879	-2.03444	0.234552	-0.0258616
-0.0682192	-0.343879	-2.03444	0.234552	-0.0258616
-0.0682192	-0.343879	-2.03444	0.234552	-0.0258616
-0.0667293	-0.343882	-2.03444	0.217429	-0.00181703
-0.0667293	-0.343882	-2.03444	0.217429	-0.00181703
-0.0667293	-0.343882	-2.03444	0.217429	-0.00181703
-0.0667293	-0.343882	-2.03444	0.217429	-0.00181703
-0.0667293	-0.343882	-2.03444	0.217429	-0.00181703
-0.0667293	-0.343882	-2.03444	0.217429	-0.00181703
-0.0667293	-0.343882	-2.03444	0.217429	-0.00181703
-0.0667293	-0.343882	-2.03444	0.217429	-0.00181703
-0.0667293	-0.343882	-2.03444	0.217429	-0.00181703
-0.0667293	-0.343882	-2.03444	0.217429	-0.00181703
-0.163112	-0.34375	-2.03444	0.211723	0.00808681
-0.163112	-0.34375	-2.03444	0.211723	0.00808681
-0.163112	-0.34375	-2.03444	0.211723	0.00808681
-0.163112	-0.34375	-2.03444	0.211723	0.00808681
-0.163112	-0.34375	-2.03444	0.211723	0.00808681
-0.163112	-0.34375	-2.03444	0.211723	0.00808681
-0.163112	-0.34375	-2.03444	0.211723	0.00808681
-0.163112	-0.34375	-2.03444	0.211723	0.00808681
-0.163112	-0.34375	-2.03444	0.211723	0.00808681
-0.163112	-0.34375	-2.03444	0.211723	0.00808681
-0.18097	-0.343729	-2.03444	0.230043	-0.0068049
-0.18097	-0.343729	-2.03444	0.230043	-0.0068049
-0.18097	-0.343729	-2.03444	0.230043	-0.0068049
-0.18097	-0.343729	-2.03444	0.230043	-0.0068049
-0.18097	-0.343729	-2.03444	0.230043	-0.0068049
-0.18097	-0.343729	-2.03444	0.230043	-0.0068049
-0.18097	-0.343729	-2.03444	0.230043	-0.0068049
-0.18097	-0.343729	-2.03444	0.230043	-0.0068049
-0.18097	-0.343729	-2.03444	0.230043	-0.0068049
-0.18097	-0.343729	-2.03444	0.230043	-0.0068049
-0.1776	-0.343735	-2.03444	0.189012	-0.000992633
-0.1776	-0.343735	-2.03444	0.189012	-0.000992633
-0.1776	-0.343735	-2.03444	0.189012	-0.000992633
-0.1776	-0.343735	-2.03444	0.189012	-0.000992633
-0.1776	-0.343735	-2.03444	0.189012	-0.000992633
-0.1776	-0.343735	-2.03444	0.189012	-0.000992633
-0.1776	-0.343735	-2.03444	0.189012	-0.000992633
-0.1776	-0.343735	-2.03444	0.189012	-0.000992633
-0.1776	-0.343735	-2.03444	0.189012	-0.000992633
-0.1776	-0.343735	-2.03444	0.189012	-0.000992633
-0.468894	-0.343376	-2.03444	0.165753	0.0154005
-0.468894	-0.343376	-2.03444	0.165753	0.0154005
-0.468894	-0.343376	-2.03444	0.165753	0.0154005
-0.468894	-0.343376	-2.03444	0.165753	0.0154005
-0.468894	-0.343376	-2.03444	0.165753	0.0154005
-0.468894	-0.343376	-2.03444	0.165753	0.0154005
-0.468894	-0.343376	-2.03444	0.165753	0.0154005
-0.468894	-0.343376	-2.03444	0.165753	0.0154005
-0.468894	-0.343376	-2.03444	0.165753	0.0154005
-0.468894	-0.343376	-2.03444	0.165753	0.0154005
-0.475875	-0.343369	-2.03444	0.14829	-0.00643978
-0.475875	-0.343369	-2.03444	0.14829	-0.00643978
-0.475875	-0.343369	-2.03444	0.14829	-0.00643978
-0.475875	-0.343369	-2.03444	0.14829	-0.00643978
-0.475875	-0.343369	-2.03444	0.14829	-0.00643978
-0.475875	-0.343369	-2.03444	0.14829	-0.00643978
-0.475875	-0.343369	-2.03444	0.14829	-0.00643978
-0.475875	-0.343369	-2.03444	0.14829	-0.00643978
-0.475875	-0.343369	-2.03444	0.14829	-0.00643978
-0.475875	-0.343369	-2.03444	0.14829	-0.00643978
-0.470221	-0.343377	-2.03444	0.151693	-0.0024576
-0.470221	-0.343377	-2.03444	0.151693	-0.0024576
-0.470221	-0.343377	-2.03444	0.151693	-0.0024576
-0.470221	-0.343377	-2.03444	0.151693	-0.0024576
-0.470221	-0.343377	-2.03444	0.151693	-0.0024576
-0.470221	-0.343377	-2.03444	0.151693	-0.0024576
-0.470221	-0.343377	-2.03444	0.151693	-0.0024576
-0.470221	-0.343377	-2.03444	0.151693	-0.0024576
-0.470221	-0.343377	-2.03444	0.151693	-0.0024576
-0.470221	-0.343377	-2.03444	0.151693	-0.0024576
-0.476113	-0.343372	-2.03444	0.0971964	0.000944932
-0.476113	-0.343372	-2.03444	0.0971964	0.000944932
-0.476113	-0.343372	-2.03444	0.0971964	0.000944932
-0.476113	-0.343372	-2.03444	0.0971964	0.000944932
-0.476113	-0.343372	-2.03444	0.0971964	0.000944932
-0.476113	-0.343372	-2.03444	0.0971964	0.000944932
-0.476113	-0.343372	-2.03444	0.0971964	0.000944932
-0.476113	-0.343372	-2.03444	0.0971964	0.000944932
-0.476113	-0.343372	-2.03444	0.0971964	0.000944932
-0.476113	-0.343372	-2.03444	0.0971964	0.000944932
-0.414412	-0.343398	-2.03444	0.077113	0.00607461
-0.414412	-0.343398	-2.03444	0.077113	0.00607461
-0.414412	-0.343398	-2.03444	0.077113	0.00607461
-0.414412	-0.343398	-2.03444	0.077113	0.00607461
-0.414412	-0.343398	-2.03444	0.077113	0.00607461
-0.414412	-0.343398	-2.03444	0.077113	0.00607461
-0.414412	-0.343398	-2.03444	0.077113	0.00607461
-0.414412	-0.343398	-2.03444	0.077113	0.00607461
-0.414412	-0.343398	-2.03444	0.077113	0.00607461
-0.414412	-0.343398	-2.03444	0.077113	0.00607461
-0.417281	-0.343397	-2.03444	0.0456568	-0.00225085
-0.417281	-0.343397	-2.03444	0.0456568	-0.00225085
-0.417281	-0.343397	-2.03444	0.0456568	-0.00225085
-0.417281	-0.343397	-2.03444	0.0456568	-0.00225085
-0.417281	-0.343397	-2.03444	0.0456568	-0.00225085
-0.417281	-0.343397	-2.03444	0.0456568	-0.00225085
-0.417281	-0.343397	-2.03444	0.0456568	-0.00225085
-0.417281	-0.343397	-2.03444	0.0456568	-0.00225085
-0.417281	-0.343397	-2.03444	0.0456568	-0.00225085
-0.417281	-0.343397	-2.03444	0.0456568	-0.00225085
-0.417115	-0.343397	-2.03444	0.0340237	-8.22859e-05
-0.417115	-0.343397	-2.03444	0.0340237	-8.22859e-05
-0.417115	-0.343397	-2.03444	0.0340237	-8.22859e-05
-0.417115	-0.343397	-2.03444	0.0340237	-8.22859e-05
-0.417115	-0.343397	-2.03444	0.0340237	-8.22859e-05
-0.417115	-0.343397	-2.03444	0.0340237	-8.22859e-05
-0.417115	-0.343397	-2.03444	0.0340237	-8.22859e-05
-0.417115	-0.343397	-2.03444	0.0340237	-8.22859e-05
-0.417115	-0.343397	-2.03444	0.0340237	-8.22859e-05
-0.417115	-0.343397	-2.03444	0.0340237	-8.22859e-05
-0.417003	-0.343397	-2.03444	0.00016968	-2.7077e-06
-0.417003	-0.343397	-2.03444	0.00016968	-2.7077e-06
-0.417003	-0.343397	-2.03444	0.00016968	-2.7077e-06
-0.417003	-0.343397	-2.03444	0.00016968	-2.7077e-06
-0.417003	-0.343397	-2.03444	0.00016968	-2.7077e-06
-0.417003	-0.343397	-2.03444	0.00016968	-2.7077e-06
-0.417003	-0.343397	-2.03444	0.00016968	-2.7077e-06
-0.417003	-0.343397	-2.03444	0.00016968	-2.7077e-06
-0.417003	-0.343397	-2.03444	0.00016968	-2.7077e-06
-0.417003	-0.343397	-2.03444	0.00016968	-2.7077e-06
-0.412017	-0.3434	-2.03444	-0.018824	-0.000798728
-0.412017	-0.3434	-2.03444	-0.018824	-0.000798728
-0.412017	-0.3434	-2.03444	-0.018824	-0.000798728
-0.412017	-0.3434	-2.03444	-0.018824	-0.000798728
-0.412017	-0.3434	-2.03444	-0.018824	-0.000798728
-0.412017	-0.3434	-2.03444	-0.018824	-0.000798728
-0.412017	-0.3434	-2.03444	-0.018824	-0.000798728
-0.412017	-0.3434	-2.03444	-0.018824	-0.000798728
-0.412017	-0.3434	-2.03444	-0.018824	-0.000798728
-0.412017	-0.3434	-2.03444	-0.018824	-0.000798728
-0.420876	-0.343393	-2.03444	-0.0439324	-0.00373681
-0.420876	-0.343393	-2.03444	-0.0439324	-0.00373681
-0.420876	-0.343393	-2.03444	-0.0439324	-0.00373681
-0.420876	-0.343393	-2.03444	-0.0439324	-0.00373681
-0.420876	-0.343393	-2.03444	-0.0439324	-0.00373681
-0.420876	-0.343393	-2.03444	-0.0439324	-0.00373681
-0.420876	-0.343393	-2.03444	-0.0439324	-0.00373681
-0.420876	-0.343393	-2.03444	-0.0439324	-0.00373681
-0.420876	-0.343393	-2.03444	-0.0439324	-0.00373681
-0.420876	-0.343393	-2.03444	-0.0439324	-0.00373681
-0.43164	-0.343378	-2.03444	-0.0697002	-0.00913538
-0.43164	-0.343378	-2.03444	-0.0697002	-0.00913538
-0.43164	-0.343378	-2.03444	-0.0697002	-0.00913538
-0.43164	-0.343378	-2.03444	-0.0697002	-0.00913538
-0.43164	-0.343378	-2.03444	-0.0697002	-0.00913538
-0.43164	-0.343378	-2.03444	-0.0697002	-0.00913538
-0.43164	-0.343378	-2.03444	-0.0697002	-0.00913538
-0.43164	-0.343378	-2.03444	-0.0697002	-0.00913538
-0.43164	-0.343378	-2.03444	-0.0697002	-0.00913538
-0.43164	-0.343378	-2.03444	-0.0697002	-0.00913538
-0.439645	-0.34336	-2.03444	-0.0936285	-0.0105537
-0.439645	-0.34336	-2.03444	-0.0936285	-0.0105537
-0.439645	-0.34336	-2.03444	-0.0936285	-0.0105537
-0.439645	-0.34336	-2.03444	-0.0936285	-0.0105537
-0.439645	-0.34336	-2.03444	-0.0936285	-0.0105537
-0.439645	-0.34336	-2.03444	-0.0936285	-0.0105537
-0.439645	-0.34336	-2.03444	-0.0936285	-0.0105537
-0.439645	-0.34336	-2.03444	-0.0936285	-0.0105537
-0.439645	-0.34336	-2.03444	-0.0936285	-0.0105537
-0.439645	-0.34336	-2.03444	-0.0936285	-0.0105537
-0.454278	-0.343305	-2.03444	-0.146001	-0.0164534
-0.454278	-0.343305	-2.03444	-0.146001	-0.0164534
-0.454278	-0.343305	-2.03444	-0.146001	-0.0164534
-0.454278	-0.343305	-2.03444	-0.146001	-0.0164534
-0.454278	-0.343305	-2.03444	-0.146001	-0.0164534
-0.454278	-0.343305	-2.03444	-0.146001	-0.0164534
-0.454278	-0.343305	-2.03444	-0.146001	-0.0164534
-0.454278	-0.343305	-2.03444	-0.146001	-0.0164534
