x	y	yaw	v	w
0	0	2.03444	0	0
0	0	2.03444	0	0
0	0	2.03444	0	0
0	0	2.03444	0	0
0	0	2.03444	0	0
0	-0.1938	-2.03444	0.0496673	0.000242307
0	-0.1938	-2.03444	0.0496673	0.000242307
0	-0.1938	-2.03444	0.0496673	0.000242307
0	-0.1938	-2.03444	0.0496673	0.000242307
0	-0.1938	-2.03444	0.0496673	0.000242307
0	-0.1938	-2.03444	0.0496673	0.000242307
0	-0.1938	-2.03444	0.0496673	0.000242307
0	-0.1938	-2.03444	0.0496673	0.000242307
0	-0.1938	-2.03444	0.0496673	0.000242307
0	-0.1938	-2.03444	0.0496673	0.000242307
-0.255271	-0.193361	-2.03444	0.0746193	-0.0124967
-0.255271	-0.193361	-2.03444	0.0746193	-0.0124967
-0.255271	-0.193361	-2.03444	0.0746193	-0.0124967
-0.255271	-0.193361	-2.03444	0.0746193	-0.0124967
-0.255271	-0.193361	-2.03444	0.0746193	-0.0124967
-0.255271	-0.193361	-2.03444	0.0746193	-0.0124967
-0.255271	-0.193361	-2.03444	0.0746193	-0.0124967
-0.255271	-0.193361	-2.03444	0.0746193	-0.0124967
-0.255271	-0.193361	-2.03444	0.0746193	-0.0124967
-0.255271	-0.193361	-2.03444	0.0746193	-0.0124967
-0.264213	-0.193347	-2.03444	0.0981076	0.0149265
-0.264213	-0.193347	-2.03444	0.0981076	0.0149265
-0.264213	-0.193347	-2.03444	0.0981076	0.0149265
-0.264213	-0.193347	-2.03444	0.0981076	0.0149265
-0.264213	-0.193347	-2.03444	0.0981076	0.0149265
-0.264213	-0.193347	-2.03444	0.0981076	0.0149265
-0.264213	-0.193347	-2.03444	0.0981076	0.0149265
-0.264213	-0.193347	-2.03444	0.0981076	0.0149265
-0.264213	-0.193347	-2.03444	0.0981076	0.0149265
-0.264213	-0.193347	-2.03444	0.0981076	0.0149265
-0.263183	-0.193347	-2.03444	0.11893	0.00157162
-0.263183	-0.193347	-2.03444	0.11893	0.00157162
-0.263183	-0.193347	-2.03444	0.11893	0.00157162
-0.263183	-0.193347	-2.03444	0.11893	0.00157162
-0.263183	-0.193347	-2.03444	0.11893	0.00157162
-0.263183	-0.193347	-2.03444	0.11893	0.00157162
-0.263183	-0.193347	-2.03444	0.11893	0.00157162
-0.263183	-0.193347	-2.03444	0.11893	0.00157162
-0.263183	-0.193347	-2.03444	0.11893	0.00157162
-0.263183	-0.193347	-2.03444	0.11893	0.00157162
-0.337558	-0.193267	-2.03444	0.140916	-0.0097739
-0.337558	-0.193267	-2.03444	0.140916	-0.0097739
-0.337558	-0.193267	-2.03444	0.140916	-0.0097739
-0.337558	-0.193267	-2.03444	0.140916	-0.0097739
-0.337558	-0.193267	-2.03444	0.140916	-0.0097739
-0.337558	-0.193267	-2.03444	0.140916	-0.0097739
-0.337558	-0.193267	-2.03444	0.140916	-0.0097739
-0.337558	-0.193267	-2.03444	0.140916	-0.0097739
-0.337558	-0.193267	-2.03444	0.140916	-0.0097739
-0.337558	-0.193267	-2.03444	0.140916	-0.0097739
-0.408103	-0.193329	2.03444	0.162064	0.0492365
-0.408103	-0.193329	2.03444	0.162064	0.0492365
-0.408103	-0.193329	2.03444	0.162064	0.0492365
-0.408103	-0.193329	2.03444	0.162064	0.0492365
-0.408103	-0.193329	2.03444	0.162064	0.0492365
-0.408103	-0.193329	2.03444	0.162064	0.0492365
-0.408103	-0.193329	2.03444	0.162064	0.0492365
-0.408103	-0.193329	2.03444	0.162064	0.0492365
-0.408103	-0.193329	2.03444	0.162064	0.0492365
-0.408103	-0.193329	2.03444	0.162064	0.0492365
-0.407416	-0.193327	2.03444	0.177824	0.00207984
-0.407416	-0.193327	2.03444	0.177824	0.00207984
-0.407416	-0.193327	2.03444	0.177824	0.00207984
-0.407416	-0.193327	2.03444	0.177824	0.00207984
-0.407416	-0.193327	2.03444	0.177824	0.00207984
-0.407416	-0.193327	2.03444	0.177824	0.00207984
-0.407416	-0.193327	2.03444	0.177824	0.00207984
-0.407416	-0.193327	2.03444	0.177824	0.00207984
-0.407416	-0.193327	2.03444	0.177824	0.00207984
-0.407416	-0.193327	2.03444	0.177824	0.00207984
-0.55415	-0.193714	2.03444	0.196346	-0.0171451
-0.55415	-0.193714	2.03444	0.196346	-0.0171451
-0.55415	-0.193714	2.03444	0.196346	-0.0171451
-0.55415	-0.193714	2.03444	0.196346	-0.0171451
-0.55415	-0.193714	2.03444	0.196346	-0.0171451
-0.55415	-0.193714	2.03444	0.196346	-0.0171451
-0.55415	-0.193714	2.03444	0.196346	-0.0171451
-0.55415	-0.193714	2.03444	0.196346	-0.0171451
-0.55415	-0.193714	2.03444	0.196346	-0.0171451
-0.55415	-0.193714	2.03444	0.196346	-0.0171451
-0.580228	-0.193791	2.03444	0.213406	0.0228926
-0.580228	-0.193791	2.03444	0.213406	0.0228926
-0.580228	-0.193791	2.03444	0.213406	0.0228926
-0.580228	-0.193791	2.03444	0.213406	0.0228926
-0.580228	-0.193791	2.03444	0.213406	0.0228926
-0.580228	-0.193791	2.03444	0.213406	0.0228926
-0.580228	-0.193791	2.03444	0.213406	0.0228926
-0.580228	-0.193791	2.03444	0.213406	0.0228926
-0.580228	-0.193791	2.03444	0.213406	0.0228926
-0.580228	-0.193791	2.03444	0.213406	0.0228926
-0.626814	-0.193861	-2.03444	0.223728	-0.0499608
-0.626814	-0.193861	-2.03444	0.223728	-0.0499608
-0.626814	-0.193861	-2.03444	0.223728	-0.0499608
-0.626814	-0.193861	-2.03444	0.223728	-0.0499608
-0.626814	-0.193861	-2.03444	0.223728	-0.0499608
-0.626814	-0.193861	-2.03444	0.223728	-0.0499608
-0.626814	-0.193861	-2.03444	0.223728	-0.0499608
-0.626814	-0.193861	-2.03444	0.223728	-0.0499608
-0.626814	-0.193861	-2.03444	0.223728	-0.0499608
-0.626814	-0.193861	-2.03444	0.223728	-0.0499608
-0.628144	-0.19386	-2.03444	0.233884	0.00296843
-0.628144	-0.19386	-2.03444	0.233884	0.00296843
-0.628144	-0.19386	-2.03444	0.233884	0.00296843
-0.628144	-0.19386	-2.03444	0.233884	0.00296843
-0.628144	-0.19386	-2.03444	0.233884	0.00296843
-0.628144	-0.19386	-2.03444	0.233884	0.00296843
-0.628144	-0.19386	-2.03444	0.233884	0.00296843
-0.628144	-0.19386	-2.03444	0.233884	0.00296843
-0.628144	-0.19386	-2.03444	0.233884	0.00296843
-0.628144	-0.19386	-2.03444	0.233884	0.00296843
-0.758824	-0.193614	-2.03444	0.241696	-0.0165694
-0.758824	-0.193614	-2.03444	0.241696	-0.0165694
-0.758824	-0.193614	-2.03444	0.241696	-0.0165694
-0.758824	-0.193614	-2.03444	0.241696	-0.0165694
-0.758824	-0.193614	-2.03444	0.241696	-0.0165694
-0.758824	-0.193614	-2.03444	0.241696	-0.0165694
-0.758824	-0.193614	-2.03444	0.241696	-0.0165694
-0.758824	-0.193614	-2.03444	0.241696	-0.0165694
-0.758824	-0.193614	-2.03444	0.241696	-0.0165694
-0.758824	-0.193614	-2.03444	0.241696	-0.0165694
-0.706427	-0.193851	-2.03445	0.245663	-0.0359871
-0.706427	-0.193851	-2.03445	0.245663	-0.0359871
-0.706427	-0.193851	-2.03445	0.245663	-0.0359871
-0.706427	-0.193851	-2.03445	0.245663	-0.0359871
-0.706427	-0.193851	-2.03445	0.245663	-0.0359871
-0.706427	-0.193851	-2.03445	0.245663	-0.0359871
-0.706427	-0.193851	-2.03445	0.245663	-0.0359871
-0.706427	-0.193851	-2.03445	0.245663	-0.0359871
-0.706427	-0.193851	-2.03445	0.245663	-0.0359871
-0.706427	-0.193851	-2.03445	0.245663	-0.0359871
-0.687231	-0.193996	-2.03445	0.248695	-0.0279968
-0.687231	-0.193996	-2.03445	0.248695	-0.0279968
-0.687231	-0.193996	-2.03445	0.248695	-0.0279968
-0.687231	-0.193996	-2.03445	0.248695	-0.0279968
-0.687231	-0.193996	-2.03445	0.248695	-0.0279968
-0.687231	-0.193996	-2.03445	0.248695	-0.0279968
-0.687231	-0.193996	-2.03445	0.248695	-0.0279968
-0.687231	-0.193996	-2.03445	0.248695	-0.0279968
-0.687231	-0.193996	-2.03445	0.248695	-0.0279968
-0.687231	-0.193996	-2.03445	0.248695	-0.0279968
-0.745884	-0.193676	-2.03444	0.254042	0.0660248
-0.745884	-0.193676	-2.03444	0.254042	0.0660248
-0.745884	-0.193676	-2.03444	0.254042	0.0660248
-0.745884	-0.193676	-2.03444	0.254042	0.0660248
-0.745884	-0.193676	-2.03444	0.254042	0.0660248
-0.745884	-0.193676	-2.03444	0.254042	0.0660248
-0.745884	-0.193676	-2.03444	0.254042	0.0660248
-0.745884	-0.193676	-2.03444	0.254042	0.0660248
-0.745884	-0.193676	-2.03444	0.254042	0.0660248
-0.745884	-0.193676	-2.03444	0.254042	0.0660248
-0.760381	-0.193624	-2.03445	0.24699	-0.0377637
-0.760381	-0.193624	-2.03445	0.24699	-0.0377637
-0.760381	-0.193624	-2.03445	0.24699	-0.0377637
-0.760381	-0.193624	-2.03445	0.24699	-0.0377637
-0.760381	-0.193624	-2.03445	0.24699	-0.0377637
-0.760381	-0.193624	-2.03445	0.24699	-0.0377637
-0.760381	-0.193624	-2.03445	0.24699	-0.0377637
-0.760381	-0.193624	-2.03445	0.24699	-0.0377637
-0.760381	-0.193624	-2.03445	0.24699	-0.0377637
-0.760381	-0.193624	-2.03445	0.24699	-0.0377637
-0.778484	-0.193548	-2.03444	0.248654	0.0277345
-0.778484	-0.193548	-2.03444	0.248654	0.0277345
-0.778484	-0.193548	-2.03444	0.248654	0.0277345
-0.778484	-0.193548	-2.03444	0.248654	0.0277345
-0.778484	-0.193548	-2.03444	0.248654	0.0277345
-0.778484	-0.193548	-2.03444	0.248654	0.0277345
-0.778484	-0.193548	-2.03444	0.248654	0.0277345
-0.778484	-0.193548	-2.03444	0.248654	0.0277345
-0.778484	-0.193548	-2.03444	0.248654	0.0277345
-0.778484	-0.193548	-2.03444	0.248654	0.0277345
-0.780483	-0.193543	-2.03444	0.235184	-0.00222457
-0.780483	-0.193543	-2.03444	0.235184	-0.00222457
-0.780483	-0.193543	-2.03444	0.235184	-0.00222457
-0.780483	-0.193543	-2.03444	0.235184	-0.00222457
-0.780483	-0.193543	-2.03444	0.235184	-0.00222457
-0.780483	-0.193543	-2.03444	0.235184	-0.00222457
-0.780483	-0.193543	-2.03444	0.235184	-0.00222457
-0.780483	-0.193543	-2.03444	0.235184	-0.00222457
-0.780483	-0.193543	-2.03444	0.235184	-0.00222457
-0.780483	-0.193543	-2.03444	0.235184	-0.00222457
-0.402873	-0.195187	-2.03445	0.226951	-0.0357972
-0.402873	-0.195187	-2.03445	0.226951	-0.0357972
-0.402873	-0.195187	-2.03445	0.226951	-0.0357972
-0.402873	-0.195187	-2.03445	0.226951	-0.0357972
-0.402873	-0.195187	-2.03445	0.226951	-0.0357972
-0.402873	-0.195187	-2.03445	0.226951	-0.0357972
-0.402873	-0.195187	-2.03445	0.226951	-0.0357972
-0.402873	-0.195187	-2.03445	0.226951	-0.0357972
-0.402873	-0.195187	-2.03445	0.226951	-0.0357972
-0.402873	-0.195187	-2.03445	0.226951	-0.0357972
-0.413102	-0.195131	-2.03445	0.215289	0.0154576
-0.413102	-0.195131	-2.03445	0.215289	0.0154576
-0.413102	-0.195131	-2.03445	0.215289	0.0154576
-0.413102	-0.195131	-2.03445	0.215289	0.0154576
-0.413102	-0.195131	-2.03445	0.215289	0.0154576
-0.413102	-0.195131	-2.03445	0.215289	0.0154576
-0.413102	-0.195131	-2.03445	0.215289	0.0154576
-0.413102	-0.195131	-2.03445	0.215289	0.0154576
-0.413102	-0.195131	-2.03445	0.215289	0.0154576
-0.413102	-0.195131	-2.03445	0.215289	0.0154576
-0.433283	-0.195018	-2.03445	0.203323	-0.0151443
-0.433283	-0.195018	-2.03445	0.203323	-0.0151443
-0.433283	-0.195018	-2.03445	0.203323	-0.0151443
-0.433283	-0.195018	-2.03445	0.203323	-0.0151443
-0.433283	-0.195018	-2.03445	0.203323	-0.0151443
-0.433283	-0.195018	-2.03445	0.203323	-0.0151443
-0.433283	-0.195018	-2.03445	0.203323	-0.0151443
-0.433283	-0.195018	-2.03445	0.203323	-0.0151443
-0.433283	-0.195018	-2.03445	0.203323	-0.0151443
-0.433283	-0.195018	-2.03445	0.203323	-0.0151443
-0.390082	-0.195359	-2.03445	0.188342	-0.0322418
-0.390082	-0.195359	-2.03445	0.188342	-0.0322418
-0.390082	-0.195359	-2.03445	0.188342	-0.0322418
-0.390082	-0.195359	-2.03445	0.188342	-0.0322418
-0.390082	-0.195359	-2.03445	0.188342	-0.0322418
-0.390082	-0.195359	-2.03445	0.188342	-0.0322418
-0.390082	-0.195359	-2.03445	0.188342	-0.0322418
-0.390082	-0.195359	-2.03445	0.188342	-0.0322418
-0.390082	-0.195359	-2.03445	0.188342	-0.0322418
-0.390082	-0.195359	-2.03445	0.188342	-0.0322418
-0.392008	-0.195341	-2.03445	0.170319	0.00328467
-0.392008	-0.195341	-2.03445	0.170319	0.00328467
-0.392008	-0.195341	-2.03445	0.170319	0.00328467
-0.392008	-0.195341	-2.03445	0.170319	0.00328467
-0.392008	-0.195341	-2.03445	0.170319	0.00328467
-0.392008	-0.195341	-2.03445	0.170319	0.00328467
-0.392008	-0.195341	-2.03445	0.170319	0.00328467
-0.392008	-0.195341	-2.03445	0.170319	0.00328467
-0.392008	-0.195341	-2.03445	0.170319	0.00328467
-0.392008	-0.195341	-2.03445	0.170319	0.00328467
-0.543993	-0.193679	-2.03445	0.149071	-0.0293511
-0.543993	-0.193679	-2.03445	0.149071	-0.0293511
-0.543993	-0.193679	-2.03445	0.149071	-0.0293511
-0.543993	-0.193679	-2.03445	0.149071	-0.0293511
-0.543993	-0.193679	-2.03445	0.149071	-0.0293511
-0.543993	-0.193679	-2.03445	0.149071	-0.0293511
-0.543993	-0.193679	-2.03445	0.149071	-0.0293511
-0.543993	-0.193679	-2.03445	0.149071	-0.0293511
-0.543993	-0.193679	-2.03445	0.149071	-0.0293511
-0.543993	-0.193679	-2.03445	0.149071	-0.0293511
-0.554817	-0.193556	-2.03445	0.129439	0.02131
-0.554817	-0.193556	-2.03445	0.129439	0.02131
-0.554817	-0.193556	-2.03445	0.129439	0.02131
-0.554817	-0.193556	-2.03445	0.129439	0.02131
-0.554817	-0.193556	-2.03445	0.129439	0.02131
-0.554817	-0.193556	-2.03445	0.129439	0.02131
-0.554817	-0.193556	-2.03445	0.129439	0.02131
-0.554817	-0.193556	-2.03445	0.129439	0.02131
-0.554817	-0.193556	-2.03445	0.129439	0.02131
-0.554817	-0.193556	-2.03445	0.129439	0.02131
-0.543953	-0.193658	-2.03445	0.105308	0.0178813
-0.543953	-0.193658	-2.03445	0.105308	0.0178813
-0.543953	-0.193658	-2.03445	0.105308	0.0178813
-0.543953	-0.193658	-2.03445	0.105308	0.0178813
-0.543953	-0.193658	-2.03445	0.105308	0.0178813
-0.543953	-0.193658	-2.03445	0.105308	0.0178813
-0.543953	-0.193658	-2.03445	0.105308	0.0178813
-0.543953	-0.193658	-2.03445	0.105308	0.0178813
-0.543953	-0.193658	-2.03445	0.105308	0.0178813
-0.543953	-0.193658	-2.03445	0.105308	0.0178813
-0.5459	-0.193641	-2.03445	0.0834982	-0.00331233
-0.5459	-0.193641	-2.03445	0.0834982	-0.00331233
-0.5459	-0.193641	-2.03445	0.0834982	-0.00331233
-0.5459	-0.193641	-2.03445	0.0834982	-0.00331233
-0.5459	-0.193641	-2.03445	0.0834982	-0.00331233
-0.5459	-0.193641	-2.03445	0.0834982	-0.00331233
-0.5459	-0.193641	-2.03445	0.0834982	-0.00331233
-0.5459	-0.193641	-2.03445	0.0834982	-0.00331233
-0.5459	-0.193641	-2.03445	0.0834982	-0.00331233
-0.5459	-0.193641	-2.03445	0.0834982	-0.00331233
-0.558716	-0.193529	-2.03445	0.0600273	0.00507907
-0.558716	-0.193529	-2.03445	0.0600273	0.00507907
-0.558716	-0.193529	-2.03445	0.0600273	0.00507907
-0.558716	-0.193529	-2.03445	0.0600273	0.00507907
-0.558716	-0.193529	-2.03445	0.0600273	0.00507907
-0.558716	-0.193529	-2.03445	0.0600273	0.00507907
-0.558716	-0.193529	-2.03445	0.0600273	0.00507907
-0.558716	-0.193529	-2.03445	0.0600273	0.00507907
-0.558716	-0.193529	-2.03445	0.0600273	0.00507907
-0.558716	-0.193529	-2.03445	0.0600273	0.00507907
-0.556381	-0.193549	-2.03445	0.0345207	0.00197713
-0.556381	-0.193549	-2.03445	0.0345207	0.00197713
-0.556381	-0.193549	-2.03445	0.0345207	0.00197713
-0.556381	-0.193549	-2.03445	0.0345207	0.00197713
-0.556381	-0.193549	-2.03445	0.0345207	0.00197713
-0.556381	-0.193549	-2.03445	0.0345207	0.00197713
-0.556381	-0.193549	-2.03445	0.0345207	0.00197713
-0.556381	-0.193549	-2.03445	0.0345207	0.00197713
-0.556381	-0.193549	-2.03445	0.0345207	0.00197713
-0.556381	-0.193549	-2.03445	0.0345207	0.00197713
-0.555349	-0.193557	-2.03445	0.0102112	0.000589826
-0.555349	-0.193557	-2.03445	0.0102112	0.000589826
-0.555349	-0.193557	-2.03445	0.0102112	0.000589826
-0.555349	-0.193557	-2.03445	0.0102112	0.000589826
-0.555349	-0.193557	-2.03445	0.0102112	0.000589826
-0.555349	-0.193557	-2.03445	0.0102112	0.000589826
-0.555349	-0.193557	-2.03445	0.0102112	0.000589826
-0.555349	-0.193557	-2.03445	0.0102112	0.000589826
-0.555349	-0.193557	-2.03445	0.0102112	0.000589826
-0.555349	-0.193557	-2.03445	0.0102112	0.000589826
-0.558054	-0.193535	-2.03445	-0.0146507	-0.00156716
-0.558054	-0.193535	-2.03445	-0.0146507	-0.00156716
-0.558054	-0.193535	-2.03445	-0.0146507	-0.00156716
-0.558054	-0.193535	-2.03445	-0.0146507	-0.00156716
-0.558054	-0.193535	-2.03445	-0.0146507	-0.00156716
-0.558054	-0.193535	-2.03445	-0.0146507	-0.00156716
-0.558054	-0.193535	-2.03445	-0.0146507	-0.00156716
-0.558054	-0.193535	-2.03445	-0.0146507	-0.00156716
-0.558054	-0.193535	-2.03445	-0.0146507	-0.00156716
-0.558054	-0.193535	-2.03445	-0.0146507	-0.00156716
-0.558544	-0.193531	-2.03445	-0.0394592	-0.000522412
-0.558544	-0.193531	-2.03445	-0.0394592	-0.000522412
-0.558544	-0.193531	-2.03445	-0.0394592	-0.000522412
-0.558544	-0.193531	-2.03445	-0.0394592	-0.000522412
-0.558544	-0.193531	-2.03445	-0.0394592	-0.000522412
-0.558544	-0.193531	-2.03445	-0.0394592	-0.000522412
-0.558544	-0.193531	-2.03445	-0.0394592	-0.000522412
-0.558544	-0.193531	-2.03445	-0.0394592	-0.000522412
-0.558544	-0.193531	-2.03445	-0.0394592	-0.000522412
-0.558544	-0.193531	-2.03445	-0.0394592	-0.000522412
-0.427492	-0.194531	-2.03445	-0.0640683	0.0173947
-0.427492	-0.194531	-2.03445	-0.0640683	0.0173947
-0.427492	-0.194531	-2.03445	-0.0640683	0.0173947
-0.427492	-0.194531	-2.03445	-0.0640683	0.0173947
-0.427492	-0.194531	-2.03445	-0.0640683	0.0173947
-0.427492	-0.194531	-2.03445	-0.0640683	0.0173947
-0.427492	-0.194531	-2.03445	-0.0640683	0.0173947
-0.427492	-0.194531	-2.03445	-0.0640683	0.0173947
-0.427492	-0.194531	-2.03445	-0.0640683	0.0173947
-0.427492	-0.194531	-2.03445	-0.0640683	0.0173947
-0.422199	-0.194571	-2.03445	-0.0874965	-0.0143641
-0.422199	-0.194571	-2.03445	-0.0874965	-0.0143641
-0.422199	-0.194571	-2.03445	-0.0874965	-0.0143641
-0.422199	-0.194571	-2.03445	-0.0874965	-0.0143641
-0.422199	-0.194571	-2.03445	-0.0874965	-0.0143641
-0.422199	-0.194571	-2.03445	-0.0874965	-0.0143641
-0.422199	-0.194571	-2.03445	-0.0874965	-0.0143641
-0.422199	-0.194571	-2.03445	-0.0874965	-0.0143641
-0.422199	-0.194571	-2.03445	-0.0874965	-0.0143641
-0.422199	-0.194571	-2.03445	-0.0874965	-0.0143641
-0.417429	-0.194608	-2.03445	-0.109984	0.00785686
-0.417429	-0.194608	-2.03445	-0.109984	0.00785686
-0.417429	-0.194608	-2.03445	-0.109984	0.00785686
-0.417429	-0.194608	-2.03445	-0.109984	0.00785686
-0.417429	-0.194608	-2.03445	-0.109984	0.00785686
-0.417429	-0.194608	-2.03445	-0.109984	0.00785686
-0.417429	-0.194608	-2.03445	-0.109984	0.00785686
-0.417429	-0.194608	-2.03445	-0.109984	0.00785686
-0.417429	-0.194608	-2.03445	-0.109984	0.00785686
-0.417429	-0.194608	-2.03445	-0.109984	0.00785686
-0.441048	-0.194449	-2.03445	-0.133082	0.0168128
-0.441048	-0.194449	-2.03445	-0.133082	0.0168128
-0.441048	-0.194449	-2.03445	-0.133082	0.0168128
-0.441048	-0.194449	-2.03445	-0.133082	0.0168128
-0.441048	-0.194449	-2.03445	-0.133082	0.0168128
-0.441048	-0.194449	-2.03445	-0.133082	0.0168128
-0.441048	-0.194449	-2.03445	-0.133082	0.0168128
-0.441048	-0.194449	-2.03445	-0.133082	0.0168128
-0.441048	-0.194449	-2.03445	-0.133082	0.0168128
-0.441048	-0.194449	-2.03445	-0.133082	0.0168128
-0.439965	-0.194456	-2.03445	-0.152939	-0.00136949
-0.439965	-0.194456	-2.03445	-0.152939	-0.00136949
-0.439965	-0.194456	-2.03445	-0.152939	-0.00136949
-0.439965	-0.194456	-2.03445	-0.152939	-0.00136949
-0.439965	-0.194456	-2.03445	-0.152939	-0.00136949
-0.439965	-0.194456	-2.03445	-0.152939	-0.00136949
-0.439965	-0.194456	-2.03445	-0.152939	-0.00136949
-0.439965	-0.194456	-2.03445	-0.152939	-0.00136949
-0.439965	-0.194456	-2.03445	-0.152939	-0.00136949
-0.439965	-0.194456	-2.03445	-0.152939	-0.00136949
-0.202381	-0.19555	-2.03444	-0.172995	0.0213049
-0.202381	-0.19555	-2.03444	-0.172995	0.0213049
-0.202381	-0.19555	-2.03444	-0.172995	0.0213049
-0.202381	-0.19555	-2.03444	-0.172995	0.0213049
-0.202381	-0.19555	-2.03444	-0.172995	0.0213049
-0.202381	-0.19555	-2.03444	-0.172995	0.0213049
-0.202381	-0.19555	-2.03444	-0.172995	0.0213049
-0.202381	-0.19555	-2.03444	-0.172995	0.0213049
-0.202381	-0.19555	-2.03444	-0.172995	0.0213049
-0.202381	-0.19555	-2.03444	-0.172995	0.0213049
-0.196306	-0.195573	-2.03444	-0.189172	-0.00748764
-0.196306	-0.195573	-2.03444	-0.189172	-0.00748764
-0.196306	-0.195573	-2.03444	-0.189172	-0.00748764
-0.196306	-0.195573	-2.03444	-0.189172	-0.00748764
-0.196306	-0.195573	-2.03444	-0.189172	-0.00748764
-0.196306	-0.195573	-2.03444	-0.189172	-0.00748764
-0.196306	-0.195573	-2.03444	-0.189172	-0.00748764
-0.196306	-0.195573	-2.03444	-0.189172	-0.00748764
-0.196306	-0.195573	-2.03444	-0.189172	-0.00748764
-0.196306	-0.195573	-2.03444	-0.189172	-0.00748764
-0.21498	-0.195493	-2.03445	-0.205693	-0.00739257
-0.21498	-0.195493	-2.03445	-0.205693	-0.00739257
-0.21498	-0.195493	-2.03445	-0.205693	-0.00739257
-0.21498	-0.195493	-2.03445	-0.205693	-0.00739257
-0.21498	-0.195493	-2.03445	-0.205693	-0.00739257
-0.21498	-0.195493	-2.03445	-0.205693	-0.00739257
-0.21498	-0.195493	-2.03445	-0.205693	-0.00739257
-0.21498	-0.195493	-2.03445	-0.205693	-0.00739257
-0.21498	-0.195493	-2.03445	-0.205693	-0.00739257
-0.21498	-0.195493	-2.03445	-0.205693	-0.00739257
-0.207861	-0.195525	-2.03444	-0.218306	0.00255915
-0.207861	-0.195525	-2.03444	-0.218306	0.00255915
-0.207861	-0.195525	-2.03444	-0.218306	0.00255915
-0.207861	-0.195525	-2.03444	-0.218306	0.00255915
-0.207861	-0.195525	-2.03444	-0.218306	0.00255915
-0.207861	-0.195525	-2.03444	-0.218306	0.00255915
-0.207861	-0.195525	-2.03444	-0.218306	0.00255915
-0.207861	-0.195525	-2.03444	-0.218306	0.00255915
-0.207861	-0.195525	-2.03444	-0.218306	0.00255915
-0.207861	-0.195525	-2.03444	-0.218306	0.00255915
-0.365443	-0.19503	-2.03444	-0.229185	0.0184316
-0.365443	-0.19503	-2.03444	-0.229185	0.0184316
-0.365443	-0.19503	-2.03444	-0.229185	0.0184316
-0.365443	-0.19503	-2.03444	-0.229185	0.0184316
-0.365443	-0.19503	-2.03444	-0.229185	0.0184316
-0.365443	-0.19503	-2.03444	-0.229185	0.0184316
-0.365443	-0.19503	-2.03444	-0.229185	0.0184316
-0.365443	-0.19503	-2.03444	-0.229185	0.0184316
-0.365443	-0.19503	-2.03444	-0.229185	0.0184316
-0.365443	-0.19503	-2.03444	-0.229185	0.0184316
-0.350853	-0.195073	-2.03444	-0.239166	-0.0117206
-0.350853	-0.195073	-2.03444	-0.239166	-0.0117206
-0.350853	-0.195073	-2.03444	-0.239166	-0.0117206
-0.350853	-0.195073	-2.03444	-0.239166	-0.0117206
-0.350853	-0.195073	-2.03444	-0.239166	-0.0117206
-0.350853	-0.195073	-2.03444	-0.239166	-0.0117206
-0.350853	-0.195073	-2.03444	-0.239166	-0.0117206
-0.350853	-0.195073	-2.03444	-0.239166	-0.0117206
-0.350853	-0.195073	-2.03444	-0.239166	-0.0117206
-0.350853	-0.195073	-2.03444	-0.239166	-0.0117206
-0.33283	-0.19513	-2.03444	-0.245534	0.0088442
-0.33283	-0.19513	-2.03444	-0.245534	0.0088442
-0.33283	-0.19513	-2.03444	-0.245534	0.0088442
-0.33283	-0.19513	-2.03444	-0.245534	0.0088442
-0.33283	-0.19513	-2.03444	-0.245534	0.0088442
-0.33283	-0.19513	-2.03444	-0.245534	0.0088442
-0.33283	-0.19513	-2.03444	-0.245534	0.0088442
-0.33283	-0.19513	-2.03444	-0.245534	0.0088442
-0.33283	-0.19513	-2.03444	-0.245534	0.0088442
-0.33283	-0.19513	-2.03444	-0.245534	0.0088442
-0.28204	-0.195323	-2.03445	-0.243889	-0.0182349
-0.28204	-0.195323	-2.03445	-0.243889	-0.0182349
-0.28204	-0.195323	-2.03445	-0.243889	-0.0182349
-0.28204	-0.195323	-2.03445	-0.243889	-0.0182349
-0.28204	-0.195323	-2.03445	-0.243889	-0.0182349
-0.28204	-0.195323	-2.03445	-0.243889	-0.0182349
-0.28204	-0.195323	-2.03445	-0.243889	-0.0182349
-0.28204	-0.195323	-2.03445	-0.243889	-0.0182349
-0.28204	-0.195323	-2.03445	-0.243889	-0.0182349
-0.28204	-0.195323	-2.03445	-0.243889	-0.0182349
-0.294903	-0.195257	-2.03445	-0.248164	-0.00960524
-0.294903	-0.195257	-2.03445	-0.248164	-0.00960524
-0.294903	-0.195257	-2.03445	-0.248164	-0.00960524
-0.294903	-0.195257	-2.03445	-0.248164	-0.00960524
-0.294903	-0.195257	-2.03445	-0.248164	-0.00960524
-0.294903	-0.195257	-2.03445	-0.248164	-0.00960524
-0.294903	-0.195257	-2.03445	-0.248164	-0.00960524
-0.294903	-0.195257	-2.03445	-0.248164	-0.00960524
-0.294903	-0.195257	-2.03445	-0.248164	-0.00960524
-0.294903	-0.195257	-2.03445	-0.248164	-0.00960524
-0.290191	-0.195285	-2.03445	-0.249975	0.00182555
-0.290191	-0.195285	-2.03445	-0.249975	0.00182555
-0.290191	-0.195285	-2.03445	-0.249975	0.00182555
-0.290191	-0.195285	-2.03445	-0.249975	0.00182555
-0.290191	-0.195285	-2.03445	-0.249975	0.00182555
-0.290191	-0.195285	-2.03445	-0.249975	0.00182555
-0.290191	-0.195285	-2.03445	-0.249975	0.00182555
-0.290191	-0.195285	-2.03445	-0.249975	0.00182555
-0.290191	-0.195285	-2.03445	-0.249975	0.00182555
-0.290191	-0.195285	-2.03445	-0.249975	0.00182555
-0.452837	-0.194403	-2.03445	-0.245509	0.0118868
-0.452837	-0.194403	-2.03445	-0.245509	0.0118868
-0.452837	-0.194403	-2.03445	-0.245509	0.0118868
-0.452837	-0.194403	-2.03445	-0.245509	0.0118868
-0.452837	-0.194403	-2.03445	-0.245509	0.0118868
-0.452837	-0.194403	-2.03445	-0.245509	0.0118868
-0.452837	-0.194403	-2.03445	-0.245509	0.0118868
-0.452837	-0.194403	-2.03445	-0.245509	0.0118868
-0.452837	-0.194403	-2.03445	-0.245509	0.0118868
-0.452837	-0.194403	-2.03445	-0.245509	0.0118868
-0.388222	-0.194807	-2.03445	-0.238495	-0.0311862
-0.388222	-0.194807	-2.03445	-0.238495	-0.0311862
-0.388222	-0.194807	-2.03445	-0.238495	-0.0311862
-0.388222	-0.194807	-2.03445	-0.238495	-0.0311862
-0.388222	-0.194807	-2.03445	-0.238495	-0.0311862
-0.388222	-0.194807	-2.03445	-0.238495	-0.0311862
-0.388222	-0.194807	-2.03445	-0.238495	-0.0311862
-0.388222	-0.194807	-2.03445	-0.238495	-0.0311862
-0.388222	-0.194807	-2.03445	-0.238495	-0.0311862
-0.388222	-0.194807	-2.03445	-0.238495	-0.0311862
-0.34713	-0.195047	-2.03444	-0.234849	0.0539904
-0.34713	-0.195047	-2.03444	-0.234849	0.0539904
-0.34713	-0.195047	-2.03444	-0.234849	0.0539904
-0.34713	-0.195047	-2.03444	-0.234849	0.0539904
-0.34713	-0.195047	-2.03444	-0.234849	0.0539904
-0.34713	-0.195047	-2.03444	-0.234849	0.0539904
-0.34713	-0.195047	-2.03444	-0.234849	0.0539904
-0.34713	-0.195047	-2.03444	-0.234849	0.0539904
-0.34713	-0.195047	-2.03444	-0.234849	0.0539904
-0.34713	-0.195047	-2.03444	-0.234849	0.0539904
-0.342916	-0.195062	-2.03444	-0.219345	-0.00966377
-0.342916	-0.195062	-2.03444	-0.219345	-0.00966377
-0.342916	-0.195062	-2.03444	-0.219345	-0.00966377
-0.342916	-0.195062	-2.03444	-0.219345	-0.00966377
-0.342916	-0.195062	-2.03444	-0.219345	-0.00966377
-0.342916	-0.195062	-2.03444	-0.219345	-0.00966377
-0.342916	-0.195062	-2.03444	-0.219345	-0.00966377
-0.342916	-0.195062	-2.03444	-0.219345	-0.00966377
-0.342916	-0.195062	-2.03444	-0.219345	-0.00966377
-0.342916	-0.195062	-2.03444	-0.219345	-0.00966377
-0.389609	-0.194823	-2.03445	-0.205646	-0.0205868
-0.389609	-0.194823	-2.03445	-0.205646	-0.0205868
-0.389609	-0.194823	-2.03445	-0.205646	-0.0205868
-0.389609	-0.194823	-2.03445	-0.205646	-0.0205868
-0.389609	-0.194823	-2.03445	-0.205646	-0.0205868
-0.389609	-0.194823	-2.03445	-0.205646	-0.0205868
-0.389609	-0.194823	-2.03445	-0.205646	-0.0205868
-0.389609	-0.194823	-2.03445	-0.205646	-0.0205868
-0.389609	-0.194823	-2.03445	-0.205646	-0.0205868
-0.389609	-0.194823	-2.03445	-0.205646	-0.0205868
-0.413396	-0.194645	-2.03445	-0.190287	-0.0237336
-0.413396	-0.194645	-2.03445	-0.190287	-0.0237336
-0.413396	-0.194645	-2.03445	-0.190287	-0.0237336
-0.413396	-0.194645	-2.03445	-0.190287	-0.0237336
-0.413396	-0.194645	-2.03445	-0.190287	-0.0237336
-0.413396	-0.194645	-2.03445	-0.190287	-0.0237336
-0.413396	-0.194645	-2.03445	-0.190287	-0.0237336
-0.413396	-0.194645	-2.03445	-0.190287	-0.0237336
-0.413396	-0.194645	-2.03445	-0.190287	-0.0237336
-0.413396	-0.194645	-2.03445	-0.190287	-0.0237336
-0.439091	-0.19438	-2.03445	-0.170666	-0.0322467
-0.439091	-0.19438	-2.03445	-0.170666	-0.0322467
-0.439091	-0.19438	-2.03445	-0.170666	-0.0322467
-0.439091	-0.19438	-2.03445	-0.170666	-0.0322467
-0.439091	-0.19438	-2.03445	-0.170666	-0.0322467
-0.439091	-0.19438	-2.03445	-0.170666	-0.0322467
-0.439091	-0.19438	-2.03445	-0.170666	-0.0322467
-0.439091	-0.19438	-2.03445	-0.170666	-0.0322467
-0.439091	-0.19438	-2.03445	-0.170666	-0.0322467
-0.439091	-0.19438	-2.03445	-0.170666	-0.0322467
-0.426128	-0.194517	-2.03445	-0.157847	0.0245231
-0.426128	-0.194517	-2.03445	-0.157847	0.0245231
-0.426128	-0.194517	-2.03445	-0.157847	0.0245231
-0.426128	-0.194517	-2.03445	-0.157847	0.0245231
-0.426128	-0.194517	-2.03445	-0.157847	0.0245231
-0.426128	-0.194517	-2.03445	-0.157847	0.0245231
-0.426128	-0.194517	-2.03445	-0.157847	0.0245231
-0.426128	-0.194517	-2.03445	-0.157847	0.0245231
-0.426128	-0.194517	-2.03445	-0.157847	0.0245231
-0.426128	-0.194517	-2.03445	-0.157847	0.0245231
-0.443028	-0.194378	-2.03445	-0.138213	0.0261955
-0.443028	-0.194378	-2.03445	-0.138213	0.0261955
-0.443028	-0.194378	-2.03445	-0.138213	0.0261955
-0.443028	-0.194378	-2.03445	-0.138213	0.0261955
-0.443028	-0.194378	-2.03445	-0.138213	0.0261955
-0.443028	-0.194378	-2.03445	-0.138213	0.0261955
-0.443028	-0.194378	-2.03445	-0.138213	0.0261955
-0.443028	-0.194378	-2.03445	-0.138213	0.0261955
-0.443028	-0.194378	-2.03445	-0.138213	0.0261955
-0.443028	-0.194378	-2.03445	-0.138213	0.0261955
-0.443369	-0.194376	-2.03445	-0.114671	0.000647394
-0.443369	-0.194376	-2.03445	-0.114671	0.000647394
-0.443369	-0.194376	-2.03445	-0.114671	0.000647394
-0.443369	-0.194376	-2.03445	-0.114671	0.000647394
-0.443369	-0.194376	-2.03445	-0.114671	0.000647394
-0.443369	-0.194376	-2.03445	-0.114671	0.000647394
-0.443369	-0.194376	-2.03445	-0.114671	0.000647394
-0.443369	-0.194376	-2.03445	-0.114671	0.000647394
-0.443369	-0.194376	-2.03445	-0.114671	0.000647394
-0.443369	-0.194376	-2.03445	-0.114671	0.000647394
-0.541052	-0.193728	-2.03445	-0.0930491	0.005514
-0.541052	-0.193728	-2.03445	-0.0930491	0.005514
-0.541052	-0.193728	-2.03445	-0.0930491	0.005514
-0.541052	-0.193728	-2.03445	-0.0930491	0.005514
-0.541052	-0.193728	-2.03445	-0.0930491	0.005514
-0.541052	-0.193728	-2.03445	-0.0930491	0.005514
-0.541052	-0.193728	-2.03445	-0.0930491	0.005514
-0.541052	-0.193728	-2.03445	-0.0930491	0.005514
-0.541052	-0.193728	-2.03445	-0.0930491	0.005514
-0.541052	-0.193728	-2.03445	-0.0930491	0.005514
-0.548786	-0.19368	-2.03445	-0.0711941	0.00458605
-0.548786	-0.19368	-2.03445	-0.0711941	0.00458605
-0.548786	-0.19368	-2.03445	-0.0711941	0.00458605
-0.548786	-0.19368	-2.03445	-0.0711941	0.00458605
-0.548786	-0.19368	-2.03445	-0.0711941	0.00458605
-0.548786	-0.19368	-2.03445	-0.0711941	0.00458605
-0.548786	-0.19368	-2.03445	-0.0711941	0.00458605
-0.548786	-0.19368	-2.03445	-0.0711941	0.00458605
-0.548786	-0.19368	-2.03445	-0.0711941	0.00458605
-0.548786	-0.19368	-2.03445	-0.0711941	0.00458605
-0.547507	-0.193687	-2.03445	-0.0461483	-0.000821234
-0.547507	-0.193687	-2.03445	-0.0461483	-0.000821234
-0.547507	-0.193687	-2.03445	-0.0461483	-0.000821234
-0.547507	-0.193687	-2.03445	-0.0461483	-0.000821234
-0.547507	-0.193687	-2.03445	-0.0461483	-0.000821234
-0.547507	-0.193687	-2.03445	-0.0461483	-0.000821234
-0.547507	-0.193687	-2.03445	-0.0461483	-0.000821234
-0.547507	-0.193687	-2.03445	-0.0461483	-0.000821234
-0.547507	-0.193687	-2.03445	-0.0461483	-0.000821234
-0.547507	-0.193687	-2.03445	-0.0461483	-0.000821234
-0.542861	-0.193714	-2.03445	-0.0198429	0.000828204
-0.542861	-0.193714	-2.03445	-0.0198429	0.000828204
-0.542861	-0.193714	-2.03445	-0.0198429	0.000828204
-0.542861	-0.193714	-2.03445	-0.0198429	0.000828204
-0.542861	-0.193714	-2.03445	-0.0198429	0.000828204
-0.542861	-0.193714	-2.03445	-0.0198429	0.000828204
-0.542861	-0.193714	-2.03445	-0.0198429	0.000828204
-0.542861	-0.193714	-2.03445	-0.0198429	0.000828204
-0.542861	-0.193714	-2.03445	-0.0198429	0.000828204
-0.542861	-0.193714	-2.03445	-0.0198429	0.000828204
-0.542579	-0.193716	-2.03445	0.00404467	-0.000117668
-0.542579	-0.193716	-2.03445	0.00404467	-0.000117668
-0.542579	-0.193716	-2.03445	0.00404467	-0.000117668
-0.542579	-0.193716	-2.03445	0.00404467	-0.000117668
-0.542579	-0.193716	-2.03445	0.00404467	-0.000117668
-0.542579	-0.193716	-2.03445	0.00404467	-0.000117668
-0.542579	-0.193716	-2.03445	0.00404467	-0.000117668
-0.542579	-0.193716	-2.03445	0.00404467	-0.000117668
-0.542579	-0.193716	-2.03445	0.00404467	-0.000117668
-0.542579	-0.193716	-2.03445	0.00404467	-0.000117668
-0.534805	-0.193762	-2.03445	0.0291679	-0.0022618
-0.534805	-0.193762	-2.03445	0.0291679	-0.0022618
-0.534805	-0.193762	-2.03445	0.0291679	-0.0022618
-0.534805	-0.193762	-2.03445	0.0291679	-0.0022618
-0.534805	-0.193762	-2.03445	0.0291679	-0.0022618
-0.534805	-0.193762	-2.03445	0.0291679	-0.0022618
-0.534805	-0.193762	-2.03445	0.0291679	-0.0022618
-0.534805	-0.193762	-2.03445	0.0291679	-0.0022618
-0.534805	-0.193762	-2.03445	0.0291679	-0.0022618
-0.534805	-0.193762	-2.03445	0.0291679	-0.0022618
-0.546287	-0.193698	-2.03445	0.0534206	0.00891597
-0.546287	-0.193698	-2.03445	0.0534206	0.00891597
-0.546287	-0.193698	-2.03445	0.0534206	0.00891597
-0.546287	-0.193698	-2.03445	0.0534206	0.00891597
-0.546287	-0.193698	-2.03445	0.0534206	0.00891597
-0.546287	-0.193698	-2.03445	0.0534206	0.00891597
-0.546287	-0.193698	-2.03445	0.0534206	0.00891597
-0.546287	-0.193698	-2.03445	0.0534206	0.00891597
-0.546287	-0.193698	-2.03445	0.0534206	0.00891597
-0.546287	-0.193698	-2.03445	0.0534206	0.00891597
-0.543485	-0.193712	-2.03444	0.0774141	0.00469051
-0.543485	-0.193712	-2.03444	0.0774141	0.00469051
-0.543485	-0.193712	-2.03444	0.0774141	0.00469051
-0.543485	-0.193712	-2.03444	0.0774141	0.00469051
-0.543485	-0.193712	-2.03444	0.0774141	0.00469051
-0.543485	-0.193712	-2.03444	0.0774141	0.00469051
-0.543485	-0.193712	-2.03444	0.0774141	0.00469051
-0.543485	-0.193712	-2.03444	0.0774141	0.00469051
-0.543485	-0.193712	-2.03444	0.0774141	0.00469051
-0.543485	-0.193712	-2.03444	0.0774141	0.00469051
-0.515379	-0.193816	-2.03444	0.0999354	0.0170243
-0.515379	-0.193816	-2.03444	0.0999354	0.0170243
-0.515379	-0.193816	-2.03444	0.0999354	0.0170243
-0.515379	-0.193816	-2.03444	0.0999354	0.0170243
-0.515379	-0.193816	-2.03444	0.0999354	0.0170243
-0.515379	-0.193816	-2.03444	0.0999354	0.0170243
-0.515379	-0.193816	-2.03444	0.0999354	0.0170243
-0.515379	-0.193816	-2.03444	0.0999354	0.0170243
-0.515379	-0.193816	-2.03444	0.0999354	0.0170243
-0.515379	-0.193816	-2.03444	0.0999354	0.0170243
-0.513558	-0.193822	-2.03444	0.12264	0.00310335
-0.513558	-0.193822	-2.03444	0.12264	0.00310335
-0.513558	-0.193822	-2.03444	0.12264	0.00310335
-0.513558	-0.193822	-2.03444	0.12264	0.00310335
-0.513558	-0.193822	-2.03444	0.12264	0.00310335
-0.513558	-0.193822	-2.03444	0.12264	0.00310335
-0.513558	-0.193822	-2.03444	0.12264	0.00310335
-0.513558	-0.193822	-2.03444	0.12264	0.00310335
-0.513558	-0.193822	-2.03444	0.12264	0.00310335
-0.513558	-0.193822	-2.03444	0.12264	0.00310335
-0.456005	-0.193937	-2.03444	0.144174	0.01455
-0.456005	-0.193937	-2.03444	0.144174	0.01455
-0.456005	-0.193937	-2.03444	0.144174	0.01455
-0.456005	-0.193937	-2.03444	0.144174	0.01455
-0.456005	-0.193937	-2.03444	0.144174	0.01455
-0.456005	-0.193937	-2.03444	0.144174	0.01455
-0.456005	-0.193937	-2.03444	0.144174	0.01455
-0.456005	-0.193937	-2.03444	0.144174	0.01455
-0.456005	-0.193937	-2.03444	0.144174	0.01455
-0.456005	-0.193937	-2.03444	0.144174	0.01455
-0.447119	-0.193943	2.03444	0.164277	0.00894463
-0.447119	-0.193943	2.03444	0.164277	0.00894463
-0.447119	-0.193943	2.03444	0.164277	0.00894463
-0.447119	-0.193943	2.03444	0.164277	0.00894463
-0.447119	-0.193943	2.03444	0.164277	0.00894463
-0.447119	-0.193943	2.03444	0.164277	0.00894463
-0.447119	-0.193943	2.03444	0.164277	0.00894463
-0.447119	-0.193943	2.03444	0.164277	0.00894463
-0.447119	-0.193943	2.03444	0.164277	0.00894463
-0.447119	-0.193943	2.03444	0.164277	0.00894463
-0.445908	-0.193942	2.03444	0.180322	0.00066075
-0.445908	-0.193942	2.03444	0.180322	0.00066075
-0.445908	-0.193942	2.03444	0.180322	0.00066075
-0.445908	-0.193942	2.03444	0.180322	0.00066075
-0.445908	-0.193942	2.03444	0.180322	0.00066075
-0.445908	-0.193942	2.03444	0.180322	0.00066075
-0.445908	-0.193942	2.03444	0.180322	0.00066075
-0.445908	-0.193942	2.03444	0.180322	0.00066075
-0.445908	-0.193942	2.03444	0.180322	0.00066075
-0.445908	-0.193942	2.03444	0.180322	0.00066075
-0.326493	-0.193879	2.03444	0.199444	0.00436937
-0.326493	-0.193879	2.03444	0.199444	0.00436937
-0.326493	-0.193879	2.03444	0.199444	0.00436937
-0.326493	-0.193879	2.03444	0.199444	0.00436937
-0.326493	-0.193879	2.03444	0.199444	0.00436937
-0.326493	-0.193879	2.03444	0.199444	0.00436937
-0.326493	-0.193879	2.03444	0.199444	0.00436937
-0.326493	-0.193879	2.03444	0.199444	0.00436937
-0.326493	-0.193879	2.03444	0.199444	0.00436937
-0.326493	-0.193879	2.03444	0.199444	0.00436937
-0.195956	-0.193602	2.03444	0.210607	0.0285834
-0.195956	-0.193602	2.03444	0.210607	0.0285834
-0.195956	-0.193602	2.03444	0.210607	0.0285834
-0.195956	-0.193602	2.03444	0.210607	0.0285834
-0.195956	-0.193602	2.03444	0.210607	0.0285834
-0.195956	-0.193602	2.03444	0.210607	0.0285834
-0.195956	-0.193602	2.03444	0.210607	0.0285834
-0.195956	-0.193602	2.03444	0.210607	0.0285834
-0.195956	-0.193602	2.03444	0.210607	0.0285834
-0.195956	-0.193602	2.03444	0.210607	0.0285834
-0.170827	-0.193472	2.03445	0.223124	0.0341222
-0.170827	-0.193472	2.03445	0.223124	0.0341222
-0.170827	-0.193472	2.03445	0.223124	0.0341222
-0.170827	-0.193472	2.03445	0.223124	0.0341222
-0.170827	-0.193472	2.03445	0.223124	0.0341222
-0.170827	-0.193472	2.03445	0.223124	0.0341222
-0.170827	-0.193472	2.03445	0.223124	0.0341222
-0.170827	-0.193472	2.03445	0.223124	0.0341222
-0.170827	-0.193472	2.03445	0.223124	0.0341222
-0.170827	-0.193472	2.03445	0.223124	0.0341222
-0.196943	-0.193596	2.03444	0.234119	-0.0399574
-0.196943	-0.193596	2.03444	0.234119	-0.0399574
-0.196943	-0.193596	2.03444	0.234119	-0.0399574
-0.196943	-0.193596	2.03444	0.234119	-0.0399574
-0.196943	-0.193596	2.03444	0.234119	-0.0399574
-0.196943	-0.193596	2.03444	0.234119	-0.0399574
-0.196943	-0.193596	2.03444	0.234119	-0.0399574
-0.196943	-0.193596	2.03444	0.234119	-0.0399574
-0.196943	-0.193596	2.03444	0.234119	-0.0399574
-0.196943	-0.193596	2.03444	0.234119	-0.0399574
-0.205758	-0.193628	2.03444	0.241245	0.0150309
-0.205758	-0.193628	2.03444	0.241245	0.0150309
-0.205758	-0.193628	2.03444	0.241245	0.0150309
-0.205758	-0.193628	2.03444	0.241245	0.0150309
-0.205758	-0.193628	2.03444	0.241245	0.0150309
-0.205758	-0.193628	2.03444	0.241245	0.0150309
-0.205758	-0.193628	2.03444	0.241245	0.0150309
-0.205758	-0.193628	2.03444	0.241245	0.0150309
-0.205758	-0.193628	2.03444	0.241245	0.0150309
-0.205758	-0.193628	2.03444	0.241245	0.0150309
-0.183492	-0.193518	2.03445	0.242224	0.0139378
-0.183492	-0.193518	2.03445	0.242224	0.0139378
-0.183492	-0.193518	2.03445	0.242224	0.0139378
-0.183492	-0.193518	2.03445	0.242224	0.0139378
-0.183492	-0.193518	2.03445	0.242224	0.0139378
-0.183492	-0.193518	2.03445	0.242224	0.0139378
-0.183492	-0.193518	2.03445	0.242224	0.0139378
-0.183492	-0.193518	2.03445	0.242224	0.0139378
-0.183492	-0.193518	2.03445	0.242224	0.0139378
-0.183492	-0.193518	2.03445	0.242224	0.0139378
-0.198055	-0.19359	2.03444	0.248178	-0.00832623
-0.198055	-0.19359	2.03444	0.248178	-0.00832623
-0.198055	-0.19359	2.03444	0.248178	-0.00832623
-0.198055	-0.19359	2.03444	0.248178	-0.00832623
-0.198055	-0.19359	2.03444	0.248178	-0.00832623
-0.198055	-0.19359	2.03444	0.248178	-0.00832623
-0.198055	-0.19359	2.03444	0.248178	-0.00832623
-0.198055	-0.19359	2.03444	0.248178	-0.00832623
-0.198055	-0.19359	2.03444	0.248178	-0.00832623
-0.198055	-0.19359	2.03444	0.248178	-0.00832623
-0.119581	-0.193334	2.03444	0.250464	-0.0263519
-0.119581	-0.193334	2.03444	0.250464	-0.0263519
-0.119581	-0.193334	2.03444	0.250464	-0.0263519
-0.119581	-0.193334	2.03444	0.250464	-0.0263519
-0.119581	-0.193334	2.03444	0.250464	-0.0263519
-0.119581	-0.193334	2.03444	0.250464	-0.0263519
-0.119581	-0.193334	2.03444	0.250464	-0.0263519
-0.119581	-0.193334	2.03444	0.250464	-0.0263519
-0.119581	-0.193334	2.03444	0.250464	-0.0263519
-0.119581	-0.193334	2.03444	0.250464	-0.0263519
-0.114424	-0.193324	2.03444	0.242649	-0.00542509
-0.114424	-0.193324	2.03444	0.242649	-0.00542509
-0.114424	-0.193324	2.03444	0.242649	-0.00542509
-0.114424	-0.193324	2.03444	0.242649	-0.00542509
-0.114424	-0.193324	2.03444	0.242649	-0.00542509
-0.114424	-0.193324	2.03444	0.242649	-0.00542509
-0.114424	-0.193324	2.03444	0.242649	-0.00542509
-0.114424	-0.193324	2.03444	0.242649	-0.00542509
-0.114424	-0.193324	2.03444	0.242649	-0.00542509
-0.114424	-0.193324	2.03444	0.242649	-0.00542509
0.0132397	-0.193327	-2.03444	0.240764	-0.0285589
0.0132397	-0.193327	-2.03444	0.240764	-0.0285589
0.0132397	-0.193327	-2.03444	0.240764	-0.0285589
0.0132397	-0.193327	-2.03444	0.240764	-0.0285589
0.0132397	-0.193327	-2.03444	0.240764	-0.0285589
0.0132397	-0.193327	-2.03444	0.240764	-0.0285589
0.0132397	-0.193327	-2.03444	0.240764	-0.0285589
0.0132397	-0.193327	-2.03444	0.240764	-0.0285589
0.0132397	-0.193327	-2.03444	0.240764	-0.0285589
0.0132397	-0.193327	-2.03444	0.240764	-0.0285589
0.0349113	-0.193386	-2.03444	0.235116	-0.0257621
0.0349113	-0.193386	-2.03444	0.235116	-0.0257621
0.0349113	-0.193386	-2.03444	0.235116	-0.0257621
0.0349113	-0.193386	-2.03444	0.235116	-0.0257621
0.0349113	-0.193386	-2.03444	0.235116	-0.0257621
0.0349113	-0.193386	-2.03444	0.235116	-0.0257621
0.0349113	-0.193386	-2.03444	0.235116	-0.0257621
0.0349113	-0.193386	-2.03444	0.235116	-0.0257621
0.0349113	-0.193386	-2.03444	0.235116	-0.0257621
0.0349113	-0.193386	-2.03444	0.235116	-0.0257621
0.036632	-0.193393	-2.03444	0.224729	-0.00188721
0.036632	-0.193393	-2.03444	0.224729	-0.00188721
0.036632	-0.193393	-2.03444	0.224729	-0.00188721
0.036632	-0.193393	-2.03444	0.224729	-0.00188721
0.036632	-0.193393	-2.03444	0.224729	-0.00188721
0.036632	-0.193393	-2.03444	0.224729	-0.00188721
0.036632	-0.193393	-2.03444	0.224729	-0.00188721
0.036632	-0.193393	-2.03444	0.224729	-0.00188721
0.036632	-0.193393	-2.03444	0.224729	-0.00188721
0.036632	-0.193393	-2.03444	0.224729	-0.00188721
-0.0604791	-0.19307	-2.03444	0.213451	0.00815065
-0.0604791	-0.19307	-2.03444	0.213451	0.00815065
-0.0604791	-0.19307	-2.03444	0.213451	0.00815065
-0.0604791	-0.19307	-2.03444	0.213451	0.00815065
-0.0604791	-0.19307	-2.03444	0.213451	0.00815065
-0.0604791	-0.19307	-2.03444	0.213451	0.00815065
-0.0604791	-0.19307	-2.03444	0.213451	0.00815065
-0.0604791	-0.19307	-2.03444	0.213451	0.00815065
-0.0604791	-0.19307	-2.03444	0.213451	0.00815065
-0.0604791	-0.19307	-2.03444	0.213451	0.00815065
-0.0762409	-0.193022	-2.03444	0.202689	-0.00602503
-0.0762409	-0.193022	-2.03444	0.202689	-0.00602503
-0.0762409	-0.193022	-2.03444	0.202689	-0.00602503
-0.0762409	-0.193022	-2.03444	0.202689	-0.00602503
-0.0762409	-0.193022	-2.03444	0.202689	-0.00602503
-0.0762409	-0.193022	-2.03444	0.202689	-0.00602503
-0.0762409	-0.193022	-2.03444	0.202689	-0.00602503
-0.0762409	-0.193022	-2.03444	0.202689	-0.00602503
-0.0762409	-0.193022	-2.03444	0.202689	-0.00602503
-0.0762409	-0.193022	-2.03444	0.202689	-0.00602503
-0.0729769	-0.193034	-2.03444	0.184076	-0.00096999
-0.0729769	-0.193034	-2.03444	0.184076	-0.00096999
-0.0729769	-0.193034	-2.03444	0.184076	-0.00096999
-0.0729769	-0.193034	-2.03444	0.184076	-0.00096999
-0.0729769	-0.193034	-2.03444	0.184076	-0.00096999
-0.0729769	-0.193034	-2.03444	0.184076	-0.00096999
-0.0729769	-0.193034	-2.03444	0.184076	-0.00096999
-0.0729769	-0.193034	-2.03444	0.184076	-0.00096999
-0.0729769	-0.193034	-2.03444	0.184076	-0.00096999
-0.0729769	-0.193034	-2.03444	0.184076	-0.00096999
-0.365618	-0.19214	-2.03444	0.165743	0.0154018
-0.365618	-0.19214	-2.03444	0.165743	0.0154018
-0.365618	-0.19214	-2.03444	0.165743	0.0154018
-0.365618	-0.19214	-2.03444	0.165743	0.0154018
-0.365618	-0.19214	-2.03444	0.165743	0.0154018
-0.365618	-0.19214	-2.03444	0.165743	0.0154018
-0.365618	-0.19214	-2.03444	0.165743	0.0154018
-0.365618	-0.19214	-2.03444	0.165743	0.0154018
-0.365618	-0.19214	-2.03444	0.165743	0.0154018
-0.365618	-0.19214	-2.03444	0.165743	0.0154018
-0.372477	-0.192121	-2.03444	0.146435	-0.00636688
-0.372477	-0.192121	-2.03444	0.146435	-0.00636688
-0.372477	-0.192121	-2.03444	0.146435	-0.00636688
-0.372477	-0.192121	-2.03444	0.146435	-0.00636688
-0.372477	-0.192121	-2.03444	0.146435	-0.00636688
-0.372477	-0.192121	-2.03444	0.146435	-0.00636688
-0.372477	-0.192121	-2.03444	0.146435	-0.00636688
-0.372477	-0.192121	-2.03444	0.146435	-0.00636688
-0.372477	-0.192121	-2.03444	0.146435	-0.00636688
-0.372477	-0.192121	-2.03444	0.146435	-0.00636688
-0.367751	-0.192136	-2.03444	0.127866	-0.0020557
-0.367751	-0.192136	-2.03444	0.127866	-0.0020557
-0.367751	-0.192136	-2.03444	0.127866	-0.0020557
-0.367751	-0.192136	-2.03444	0.127866	-0.0020557
-0.367751	-0.192136	-2.03444	0.127866	-0.0020557
-0.367751	-0.192136	-2.03444	0.127866	-0.0020557
-0.367751	-0.192136	-2.03444	0.127866	-0.0020557
-0.367751	-0.192136	-2.03444	0.127866	-0.0020557
-0.367751	-0.192136	-2.03444	0.127866	-0.0020557
-0.367751	-0.192136	-2.03444	0.127866	-0.0020557
-0.373975	-0.192119	-2.03444	0.102538	0.00100222
-0.373975	-0.192119	-2.03444	0.102538	0.00100222
-0.373975	-0.192119	-2.03444	0.102538	0.00100222
-0.373975	-0.192119	-2.03444	0.102538	0.00100222
-0.373975	-0.192119	-2.03444	0.102538	0.00100222
-0.373975	-0.192119	-2.03444	0.102538	0.00100222
-0.373975	-0.192119	-2.03444	0.102538	0.00100222
-0.373975	-0.192119	-2.03444	0.102538	0.00100222
-0.373975	-0.192119	-2.03444	0.102538	0.00100222
-0.373975	-0.192119	-2.03444	0.102538	0.00100222
-0.309827	-0.192264	-2.03444	0.0794938	0.00626435
-0.309827	-0.192264	-2.03444	0.0794938	0.00626435
-0.309827	-0.192264	-2.03444	0.0794938	0.00626435
-0.309827	-0.192264	-2.03444	0.0794938	0.00626435
-0.309827	-0.192264	-2.03444	0.0794938	0.00626435
-0.309827	-0.192264	-2.03444	0.0794938	0.00626435
-0.309827	-0.192264	-2.03444	0.0794938	0.00626435
-0.309827	-0.192264	-2.03444	0.0794938	0.00626435
-0.309827	-0.192264	-2.03444	0.0794938	0.00626435
-0.309827	-0.192264	-2.03444	0.0794938	0.00626435
-0.313204	-0.192256	-2.03444	0.0546848	-0.00265192
-0.313204	-0.192256	-2.03444	0.0546848	-0.00265192
-0.313204	-0.192256	-2.03444	0.0546848	-0.00265192
-0.313204	-0.192256	-2.03444	0.0546848	-0.00265192
-0.313204	-0.192256	-2.03444	0.0546848	-0.00265192
-0.313204	-0.192256	-2.03444	0.0546848	-0.00265192
-0.313204	-0.192256	-2.03444	0.0546848	-0.00265192
-0.313204	-0.192256	-2.03444	0.0546848	-0.00265192
-0.313204	-0.192256	-2.03444	0.0546848	-0.00265192
-0.313204	-0.192256	-2.03444	0.0546848	-0.00265192
-0.31305	-0.192257	-2.03444	0.0314625	-7.4614e-05
-0.31305	-0.192257	-2.03444	0.0314625	-7.4614e-05
-0.31305	-0.192257	-2.03444	0.0314625	-7.4614e-05
-0.31305	-0.192257	-2.03444	0.0314625	-7.4614e-05
-0.31305	-0.192257	-2.03444	0.0314625	-7.4614e-05
-0.31305	-0.192257	-2.03444	0.0314625	-7.4614e-05
-0.31305	-0.192257	-2.03444	0.0314625	-7.4614e-05
-0.31305	-0.192257	-2.03444	0.0314625	-7.4614e-05
-0.31305	-0.192257	-2.03444	0.0314625	-7.4614e-05
-0.31305	-0.192257	-2.03444	0.0314625	-7.4614e-05
-0.305808	-0.192274	-2.03444	0.00563676	-0.000172329
-0.305808	-0.192274	-2.03444	0.00563676	-0.000172329
-0.305808	-0.192274	-2.03444	0.00563676	-0.000172329
-0.305808	-0.192274	-2.03444	0.00563676	-0.000172329
-0.305808	-0.192274	-2.03444	0.00563676	-0.000172329
-0.305808	-0.192274	-2.03444	0.00563676	-0.000172329
-0.305808	-0.192274	-2.03444	0.00563676	-0.000172329
-0.305808	-0.192274	-2.03444	0.00563676	-0.000172329
-0.305808	-0.192274	-2.03444	0.00563676	-0.000172329
-0.305808	-0.192274	-2.03444	0.00563676	-0.000172329
-0.303162	-0.19228	-2.03444	-0.0189062	-0.000809414
-0.303162	-0.19228	-2.03444	-0.0189062	-0.000809414
-0.303162	-0.19228	-2.03444	-0.0189062	-0.000809414
-0.303162	-0.19228	-2.03444	-0.0189062	-0.000809414
-0.303162	-0.19228	-2.03444	-0.0189062	-0.000809414
-0.303162	-0.19228	-2.03444	-0.0189062	-0.000809414
-0.303162	-0.19228	-2.03444	-0.0189062	-0.000809414
-0.303162	-0.19228	-2.03444	-0.0189062	-0.000809414
-0.303162	-0.19228	-2.03444	-0.0189062	-0.000809414
-0.303162	-0.19228	-2.03444	-0.0189062	-0.000809414
-0.31183	-0.192258	-2.03444	-0.0436169	-0.00371135
-0.31183	-0.192258	-2.03444	-0.0436169	-0.00371135
-0.31183	-0.192258	-2.03444	-0.0436169	-0.00371135
-0.31183	-0.192258	-2.03444	-0.0436169	-0.00371135
-0.31183	-0.192258	-2.03444	-0.0436169	-0.00371135
-0.31183	-0.192258	-2.03444	-0.0436169	-0.00371135
-0.31183	-0.192258	-2.03444	-0.0436169	-0.00371135
-0.31183	-0.192258	-2.03444	-0.0436169	-0.00371135
-0.31183	-0.192258	-2.03444	-0.0436169	-0.00371135
-0.31183	-0.192258	-2.03444	-0.0436169	-0.00371135
-0.322363	-0.192223	-2.03444	-0.0681149	-0.00893501
-0.322363	-0.192223	-2.03444	-0.0681149	-0.00893501
-0.322363	-0.192223	-2.03444	-0.0681149	-0.00893501
-0.322363	-0.192223	-2.03444	-0.0681149	-0.00893501
-0.322363	-0.192223	-2.03444	-0.0681149	-0.00893501
-0.322363	-0.192223	-2.03444	-0.0681149	-0.00893501
-0.322363	-0.192223	-2.03444	-0.0681149	-0.00893501
-0.322363	-0.192223	-2.03444	-0.0681149	-0.00893501
-0.322363	-0.192223	-2.03444	-0.0681149	-0.00893501
-0.322363	-0.192223	-2.03444	-0.0681149	-0.00893501
-0.330229	-0.19219	-2.03445	-0.0918161	-0.010347
-0.330229	-0.19219	-2.03445	-0.0918161	-0.010347
-0.330229	-0.19219	-2.03445	-0.0918161	-0.010347
-0.330229	-0.19219	-2.03445	-0.0918161	-0.010347
-0.330229	-0.19219	-2.03445	-0.0918161	-0.010347
-0.330229	-0.19219	-2.03445	-0.0918161	-0.010347
-0.330229	-0.19219	-2.03445	-0.0918161	-0.010347
-0.330229	-0.19219	-2.03445	-0.0918161	-0.010347
-0.330229	-0.19219	-2.03445	-0.0918161	-0.010347
-0.330229	-0.19219	-2.03445	-0.0918161	-0.010347
-0.342176	-0.192126	-2.03445	-0.117484	-0.0134347
-0.342176	-0.192126	-2.03445	-0.117484	-0.0134347
-0.342176	-0.192126	-2.03445	-0.117484	-0.0134347
-0.342176	-0.192126	-2.03445	-0.117484	-0.0134347
-0.342176	-0.192126	-2.03445	-0.117484	-0.0134347
-0.342176	-0.192126	-2.03445	-0.117484	-0.0134347
-0.342176	-0.192126	-2.03445	-0.117484	-0.0134347
-0.342176	-0.192126	-2.03445	-0.117484	-0.0134347
-0.342176	-0.192126	-2.03445	-0.117484	-0.0134347
