x	y	yaw	v	w
0	0	2.03444	0	0
0	0	2.03444	0	0
0	0	2.03444	0	0
0	0	2.03444	0	0
0	0	2.03444	0	0
0	0	2.03444	0	0
0	0	2.03444	0	0
0	0	2.03444	0	0
0	0	2.03444	0	0
0	0	2.03444	0	0
0	0	2.03444	0	0
0	0	2.03444	0	0
0	0	2.03444	0	0
0	0	2.03444	0	0
0	0	2.03444	0	0
0	0	2.03444	0	0
0	0	2.03444	0	0
0	0	2.03444	0	0
0	0	2.03444	0	0
0	0	2.03444	0	0
0	0	2.03444	0	0
0	-1.37756	-2.03452	0.25	1.00122
0	-1.37756	-2.03452	0.25	1.00122
0	-1.37756	-2.03452	0.25	1.00122
0	-1.37756	-2.03452	0.25	1.00122
0	-1.37756	-2.03452	0.25	1.00122
0	-1.37756	-2.03452	0.25	1.00122
0	-1.37756	-2.03452	0.25	1.00122
0	-1.37756	-2.03452	0.25	1.00122
0	-1.37756	-2.03452	0.25	1.00122
0	-1.37756	-2.03452	0.25	1.00122
0.0189379	-1.37758	2.03452	0.435327	0.760196
0.0189379	-1.37758	2.03452	0.435327	0.760196
0.0189379	-1.37758	2.03452	0.435327	0.760196
0.0189379	-1.37758	2.03452	0.435327	0.760196
0.0189379	-1.37758	2.03452	0.435327	0.760196
0.0189379	-1.37758	2.03452	0.435327	0.760196
0.0189379	-1.37758	2.03452	0.435327	0.760196
0.0189379	-1.37758	2.03452	0.435327	0.760196
0.0189379	-1.37758	2.03452	0.435327	0.760196
0.0189379	-1.37758	2.03452	0.435327	0.760196
0.0876167	-1.37082	2.03574	0.39491	1.2014
0.0876167	-1.37082	2.03574	0.39491	1.2014
0.0876167	-1.37082	2.03574	0.39491	1.2014
0.0876167	-1.37082	2.03574	0.39491	1.2014
0.0876167	-1.37082	2.03574	0.39491	1.2014
0.0876167	-1.37082	2.03574	0.39491	1.2014
0.0876167	-1.37082	2.03574	0.39491	1.2014
0.0876167	-1.37082	2.03574	0.39491	1.2014
0.0876167	-1.37082	2.03574	0.39491	1.2014
0.0876167	-1.37082	2.03574	0.39491	1.2014
0.120319	-1.3638	2.03788	0.119164	1.0155
0.120319	-1.3638	2.03788	0.119164	1.0155
0.120319	-1.3638	2.03788	0.119164	1.0155
0.120319	-1.3638	2.03788	0.119164	1.0155
0.120319	-1.3638	2.03788	0.119164	1.0155
0.120319	-1.3638	2.03788	0.119164	1.0155
0.120319	-1.3638	2.03788	0.119164	1.0155
0.120319	-1.3638	2.03788	0.119164	1.0155
0.120319	-1.3638	2.03788	0.119164	1.0155
0.120319	-1.3638	2.03788	0.119164	1.0155
0.130496	-1.36057	2.04072	0.226934	0.914775
0.130496	-1.36057	2.04072	0.226934	0.914775
0.130496	-1.36057	2.04072	0.226934	0.914775
0.130496	-1.36057	2.04072	0.226934	0.914775
0.130496	-1.36057	2.04072	0.226934	0.914775
0.130496	-1.36057	2.04072	0.226934	0.914775
0.130496	-1.36057	2.04072	0.226934	0.914775
0.130496	-1.36057	2.04072	0.226934	0.914775
0.130496	-1.36057	2.04072	0.226934	0.914775
0.130496	-1.36057	2.04072	0.226934	0.914775
0.162826	-1.34598	2.04696	0.337891	1.405
0.162826	-1.34598	2.04696	0.337891	1.405
0.162826	-1.34598	2.04696	0.337891	1.405
0.162826	-1.34598	2.04696	0.337891	1.405
0.162826	-1.34598	2.04696	0.337891	1.405
0.162826	-1.34598	2.04696	0.337891	1.405
0.162826	-1.34598	2.04696	0.337891	1.405
0.162826	-1.34598	2.04696	0.337891	1.405
0.162826	-1.34598	2.04696	0.337891	1.405
0.162826	-1.34598	2.04696	0.337891	1.405
0.183272	-1.33357	2.05264	0.125048	1.01401
0.183272	-1.33357	2.05264	0.125048	1.01401
0.183272	-1.33357	2.05264	0.125048	1.01401
0.183272	-1.33357	2.05264	0.125048	1.01401
0.183272	-1.33357	2.05264	0.125048	1.01401
0.183272	-1.33357	2.05264	0.125048	1.01401
0.183272	-1.33357	2.05264	0.125048	1.01401
0.183272	-1.33357	2.05264	0.125048	1.01401
0.183272	-1.33357	2.05264	0.125048	1.01401
0.183272	-1.33357	2.05264	0.125048	1.01401
0.192069	-1.32703	2.05873	0.282557	0.887969
0.192069	-1.32703	2.05873	0.282557	0.887969
0.192069	-1.32703	2.05873	0.282557	0.887969
0.192069	-1.32703	2.05873	0.282557	0.887969
0.192069	-1.32703	2.05873	0.282557	0.887969
0.192069	-1.32703	2.05873	0.282557	0.887969
0.192069	-1.32703	2.05873	0.282557	0.887969
0.192069	-1.32703	2.05873	0.282557	0.887969
0.192069	-1.32703	2.05873	0.282557	0.887969
0.192069	-1.32703	2.05873	0.282557	0.887969
0.219132	-1.30224	2.06803	0.448459	1.15589
0.219132	-1.30224	2.06803	0.448459	1.15589
0.219132	-1.30224	2.06803	0.448459	1.15589
0.219132	-1.30224	2.06803	0.448459	1.15589
0.219132	-1.30224	2.06803	0.448459	1.15589
0.219132	-1.30224	2.06803	0.448459	1.15589
0.219132	-1.30224	2.06803	0.448459	1.15589
0.219132	-1.30224	2.06803	0.448459	1.15589
0.219132	-1.30224	2.06803	0.448459	1.15589
0.219132	-1.30224	2.06803	0.448459	1.15589
0.237434	-1.28207	2.07462	0.31285	0.702461
0.237434	-1.28207	2.07462	0.31285	0.702461
0.237434	-1.28207	2.07462	0.31285	0.702461
0.237434	-1.28207	2.07462	0.31285	0.702461
0.237434	-1.28207	2.07462	0.31285	0.702461
0.237434	-1.28207	2.07462	0.31285	0.702461
0.237434	-1.28207	2.07462	0.31285	0.702461
0.237434	-1.28207	2.07462	0.31285	0.702461
0.237434	-1.28207	2.07462	0.31285	0.702461
0.237434	-1.28207	2.07462	0.31285	0.702461
0.264814	-1.24609	2.08506	0.301087	1.0162
0.264814	-1.24609	2.08506	0.301087	1.0162
0.264814	-1.24609	2.08506	0.301087	1.0162
0.264814	-1.24609	2.08506	0.301087	1.0162
0.264814	-1.24609	2.08506	0.301087	1.0162
0.264814	-1.24609	2.08506	0.301087	1.0162
0.264814	-1.24609	2.08506	0.301087	1.0162
0.264814	-1.24609	2.08506	0.301087	1.0162
0.264814	-1.24609	2.08506	0.301087	1.0162
0.264814	-1.24609	2.08506	0.301087	1.0162
0.279075	-1.22317	2.09597	0.29485	0.911212
0.279075	-1.22317	2.09597	0.29485	0.911212
0.279075	-1.22317	2.09597	0.29485	0.911212
0.279075	-1.22317	2.09597	0.29485	0.911212
0.279075	-1.22317	2.09597	0.29485	0.911212
0.279075	-1.22317	2.09597	0.29485	0.911212
0.279075	-1.22317	2.09597	0.29485	0.911212
0.279075	-1.22317	2.09597	0.29485	0.911212
0.279075	-1.22317	2.09597	0.29485	0.911212
0.279075	-1.22317	2.09597	0.29485	0.911212
0.291183	-1.19932	2.10718	0.212527	0.823478
0.291183	-1.19932	2.10718	0.212527	0.823478
0.291183	-1.19932	2.10718	0.212527	0.823478
0.291183	-1.19932	2.10718	0.212527	0.823478
0.291183	-1.19932	2.10718	0.212527	0.823478
0.291183	-1.19932	2.10718	0.212527	0.823478
0.291183	-1.19932	2.10718	0.212527	0.823478
0.291183	-1.19932	2.10718	0.212527	0.823478
0.291183	-1.19932	2.10718	0.212527	0.823478
0.291183	-1.19932	2.10718	0.212527	0.823478
0.299504	-1.17876	2.12015	0.216448	0.863124
0.299504	-1.17876	2.12015	0.216448	0.863124
0.299504	-1.17876	2.12015	0.216448	0.863124
0.299504	-1.17876	2.12015	0.216448	0.863124
0.299504	-1.17876	2.12015	0.216448	0.863124
0.299504	-1.17876	2.12015	0.216448	0.863124
0.299504	-1.17876	2.12015	0.216448	0.863124
0.299504	-1.17876	2.12015	0.216448	0.863124
0.299504	-1.17876	2.12015	0.216448	0.863124
0.299504	-1.17876	2.12015	0.216448	0.863124
0.308814	-1.14528	2.14434	0.452947	1.38441
0.308814	-1.14528	2.14434	0.452947	1.38441
0.308814	-1.14528	2.14434	0.452947	1.38441
0.308814	-1.14528	2.14434	0.452947	1.38441
0.308814	-1.14528	2.14434	0.452947	1.38441
0.308814	-1.14528	2.14434	0.452947	1.38441
0.308814	-1.14528	2.14434	0.452947	1.38441
0.308814	-1.14528	2.14434	0.452947	1.38441
0.308814	-1.14528	2.14434	0.452947	1.38441
0.308814	-1.14528	2.14434	0.452947	1.38441
0.313005	-1.11915	2.16011	0.19682	0.809233
0.313005	-1.11915	2.16011	0.19682	0.809233
0.313005	-1.11915	2.16011	0.19682	0.809233
0.313005	-1.11915	2.16011	0.19682	0.809233
0.313005	-1.11915	2.16011	0.19682	0.809233
0.313005	-1.11915	2.16011	0.19682	0.809233
0.313005	-1.11915	2.16011	0.19682	0.809233
0.313005	-1.11915	2.16011	0.19682	0.809233
0.313005	-1.11915	2.16011	0.19682	0.809233
0.313005	-1.11915	2.16011	0.19682	0.809233
0.314723	-1.09071	2.18619	0.49967	1.17214
0.314723	-1.09071	2.18619	0.49967	1.17214
0.314723	-1.09071	2.18619	0.49967	1.17214
0.314723	-1.09071	2.18619	0.49967	1.17214
0.314723	-1.09071	2.18619	0.49967	1.17214
0.314723	-1.09071	2.18619	0.49967	1.17214
0.314723	-1.09071	2.18619	0.49967	1.17214
0.314723	-1.09071	2.18619	0.49967	1.17214
0.314723	-1.09071	2.18619	0.49967	1.17214
0.314723	-1.09071	2.18619	0.49967	1.17214
0.31266	-1.04866	2.21116	0.165882	0.988679
0.31266	-1.04866	2.21116	0.165882	0.988679
0.31266	-1.04866	2.21116	0.165882	0.988679
0.31266	-1.04866	2.21116	0.165882	0.988679
0.31266	-1.04866	2.21116	0.165882	0.988679
0.31266	-1.04866	2.21116	0.165882	0.988679
0.31266	-1.04866	2.21116	0.165882	0.988679
0.31266	-1.04866	2.21116	0.165882	0.988679
0.31266	-1.04866	2.21116	0.165882	0.988679
0.31266	-1.04866	2.21116	0.165882	0.988679
0.310759	-1.03519	2.23354	0.231516	0.805633
0.310759	-1.03519	2.23354	0.231516	0.805633
0.310759	-1.03519	2.23354	0.231516	0.805633
0.310759	-1.03519	2.23354	0.231516	0.805633
0.310759	-1.03519	2.23354	0.231516	0.805633
0.310759	-1.03519	2.23354	0.231516	0.805633
0.310759	-1.03519	2.23354	0.231516	0.805633
0.310759	-1.03519	2.23354	0.231516	0.805633
0.310759	-1.03519	2.23354	0.231516	0.805633
0.310759	-1.03519	2.23354	0.231516	0.805633
0.303556	-1.005	2.2665	0.222144	1.08851
0.303556	-1.005	2.2665	0.222144	1.08851
0.303556	-1.005	2.2665	0.222144	1.08851
0.303556	-1.005	2.2665	0.222144	1.08851
0.303556	-1.005	2.2665	0.222144	1.08851
0.303556	-1.005	2.2665	0.222144	1.08851
0.303556	-1.005	2.2665	0.222144	1.08851
0.303556	-1.005	2.2665	0.222144	1.08851
0.303556	-1.005	2.2665	0.222144	1.08851
0.303556	-1.005	2.2665	0.222144	1.08851
0.297542	-0.987556	2.298	0.318097	0.902633
0.297542	-0.987556	2.298	0.318097	0.902633
0.297542	-0.987556	2.298	0.318097	0.902633
0.297542	-0.987556	2.298	0.318097	0.902633
0.297542	-0.987556	2.298	0.318097	0.902633
0.297542	-0.987556	2.298	0.318097	0.902633
0.297542	-0.987556	2.298	0.318097	0.902633
0.297542	-0.987556	2.298	0.318097	0.902633
0.297542	-0.987556	2.298	0.318097	0.902633
0.297542	-0.987556	2.298	0.318097	0.902633
0.286713	-0.963016	2.32682	0.374292	0.762293
0.286713	-0.963016	2.32682	0.374292	0.762293
0.286713	-0.963016	2.32682	0.374292	0.762293
0.286713	-0.963016	2.32682	0.374292	0.762293
0.286713	-0.963016	2.32682	0.374292	0.762293
0.286713	-0.963016	2.32682	0.374292	0.762293
0.286713	-0.963016	2.32682	0.374292	0.762293
0.286713	-0.963016	2.32682	0.374292	0.762293
0.286713	-0.963016	2.32682	0.374292	0.762293
0.286713	-0.963016	2.32682	0.374292	0.762293
0.262352	-0.918876	2.36965	0.355822	1.0266
0.262352	-0.918876	2.36965	0.355822	1.0266
0.262352	-0.918876	2.36965	0.355822	1.0266
0.262352	-0.918876	2.36965	0.355822	1.0266
0.262352	-0.918876	2.36965	0.355822	1.0266
0.262352	-0.918876	2.36965	0.355822	1.0266
0.262352	-0.918876	2.36965	0.355822	1.0266
0.262352	-0.918876	2.36965	0.355822	1.0266
0.262352	-0.918876	2.36965	0.355822	1.0266
0.262352	-0.918876	2.36965	0.355822	1.0266
0.247601	-0.896952	2.40544	0.206416	0.762461
0.247601	-0.896952	2.40544	0.206416	0.762461
0.247601	-0.896952	2.40544	0.206416	0.762461
0.247601	-0.896952	2.40544	0.206416	0.762461
0.247601	-0.896952	2.40544	0.206416	0.762461
0.247601	-0.896952	2.40544	0.206416	0.762461
0.247601	-0.896952	2.40544	0.206416	0.762461
0.247601	-0.896952	2.40544	0.206416	0.762461
0.247601	-0.896952	2.40544	0.206416	0.762461
0.247601	-0.896952	2.40544	0.206416	0.762461
0.226513	-0.871484	2.46939	0.295632	1.22528
0.226513	-0.871484	2.46939	0.295632	1.22528
0.226513	-0.871484	2.46939	0.295632	1.22528
0.226513	-0.871484	2.46939	0.295632	1.22528
0.226513	-0.871484	2.46939	0.295632	1.22528
0.226513	-0.871484	2.46939	0.295632	1.22528
0.226513	-0.871484	2.46939	0.295632	1.22528
0.226513	-0.871484	2.46939	0.295632	1.22528
0.226513	-0.871484	2.46939	0.295632	1.22528
0.226513	-0.871484	2.46939	0.295632	1.22528
0.205776	-0.851805	2.54009	0.0949073	1.18644
0.205776	-0.851805	2.54009	0.0949073	1.18644
0.205776	-0.851805	2.54009	0.0949073	1.18644
0.205776	-0.851805	2.54009	0.0949073	1.18644
0.205776	-0.851805	2.54009	0.0949073	1.18644
0.205776	-0.851805	2.54009	0.0949073	1.18644
0.205776	-0.851805	2.54009	0.0949073	1.18644
0.205776	-0.851805	2.54009	0.0949073	1.18644
0.205776	-0.851805	2.54009	0.0949073	1.18644
0.205776	-0.851805	2.54009	0.0949073	1.18644
0.199652	-0.847126	2.60367	0.224112	0.953914
0.199652	-0.847126	2.60367	0.224112	0.953914
0.199652	-0.847126	2.60367	0.224112	0.953914
0.199652	-0.847126	2.60367	0.224112	0.953914
0.199652	-0.847126	2.60367	0.224112	0.953914
0.199652	-0.847126	2.60367	0.224112	0.953914
0.199652	-0.847126	2.60367	0.224112	0.953914
0.199652	-0.847126	2.60367	0.224112	0.953914
0.199652	-0.847126	2.60367	0.224112	0.953914
0.199652	-0.847126	2.60367	0.224112	0.953914
0.177647	-0.833609	2.68443	0.281587	1.11064
0.177647	-0.833609	2.68443	0.281587	1.11064
0.177647	-0.833609	2.68443	0.281587	1.11064
0.177647	-0.833609	2.68443	0.281587	1.11064
0.177647	-0.833609	2.68443	0.281587	1.11064
0.177647	-0.833609	2.68443	0.281587	1.11064
0.177647	-0.833609	2.68443	0.281587	1.11064
0.177647	-0.833609	2.68443	0.281587	1.11064
0.177647	-0.833609	2.68443	0.281587	1.11064
0.177647	-0.833609	2.68443	0.281587	1.11064
0.153241	-0.822009	2.77129	0.0876404	1.05983
0.153241	-0.822009	2.77129	0.0876404	1.05983
0.153241	-0.822009	2.77129	0.0876404	1.05983
0.153241	-0.822009	2.77129	0.0876404	1.05983
0.153241	-0.822009	2.77129	0.0876404	1.05983
0.153241	-0.822009	2.77129	0.0876404	1.05983
0.153241	-0.822009	2.77129	0.0876404	1.05983
0.153241	-0.822009	2.77129	0.0876404	1.05983
0.153241	-0.822009	2.77129	0.0876404	1.05983
0.153241	-0.822009	2.77129	0.0876404	1.05983
0.145021	-0.81912	2.86584	0.192148	1.06059
0.145021	-0.81912	2.86584	0.192148	1.06059
0.145021	-0.81912	2.86584	0.192148	1.06059
0.145021	-0.81912	2.86584	0.192148	1.06059
0.145021	-0.81912	2.86584	0.192148	1.06059
0.145021	-0.81912	2.86584	0.192148	1.06059
0.145021	-0.81912	2.86584	0.192148	1.06059
0.145021	-0.81912	2.86584	0.192148	1.06059
0.145021	-0.81912	2.86584	0.192148	1.06059
0.145021	-0.81912	2.86584	0.192148	1.06059
0.124877	-0.814471	2.97319	0.183755	1.13869
0.124877	-0.814471	2.97319	0.183755	1.13869
0.124877	-0.814471	2.97319	0.183755	1.13869
0.124877	-0.814471	2.97319	0.183755	1.13869
0.124877	-0.814471	2.97319	0.183755	1.13869
0.124877	-0.814471	2.97319	0.183755	1.13869
0.124877	-0.814471	2.97319	0.183755	1.13869
0.124877	-0.814471	2.97319	0.183755	1.13869
0.124877	-0.814471	2.97319	0.183755	1.13869
0.124877	-0.814471	2.97319	0.183755	1.13869
0.10857	-0.812516	3.07317	0.268608	1.01792
0.10857	-0.812516	3.07317	0.268608	1.01792
0.10857	-0.812516	3.07317	0.268608	1.01792
0.10857	-0.812516	3.07317	0.268608	1.01792
0.10857	-0.812516	3.07317	0.268608	1.01792
0.10857	-0.812516	3.07317	0.268608	1.01792
0.10857	-0.812516	3.07317	0.268608	1.01792
0.10857	-0.812516	3.07317	0.268608	1.01792
0.10857	-0.812516	3.07317	0.268608	1.01792
0.10857	-0.812516	3.07317	0.268608	1.01792
0.0915718	-0.811898	3.13793	0.3089	0.642679
0.0915718	-0.811898	3.13793	0.3089	0.642679
0.0915718	-0.811898	3.13793	0.3089	0.642679
0.0915718	-0.811898	3.13793	0.3089	0.642679
0.0915718	-0.811898	3.13793	0.3089	0.642679
0.0915718	-0.811898	3.13793	0.3089	0.642679
0.0915718	-0.811898	3.13793	0.3089	0.642679
0.0915718	-0.811898	3.13793	0.3089	0.642679
0.0915718	-0.811898	3.13793	0.3089	0.642679
0.0915718	-0.811898	3.13793	0.3089	0.642679
0.035524	-0.814971	-3.02809	0.209365	1.17459
0.035524	-0.814971	-3.02809	0.209365	1.17459
0.035524	-0.814971	-3.02809	0.209365	1.17459
0.035524	-0.814971	-3.02809	0.209365	1.17459
0.035524	-0.814971	-3.02809	0.209365	1.17459
0.035524	-0.814971	-3.02809	0.209365	1.17459
0.035524	-0.814971	-3.02809	0.209365	1.17459
0.035524	-0.814971	-3.02809	0.209365	1.17459
0.035524	-0.814971	-3.02809	0.209365	1.17459
0.035524	-0.814971	-3.02809	0.209365	1.17459
0.0193769	-0.817576	-2.93819	0.162214	0.915535
0.0193769	-0.817576	-2.93819	0.162214	0.915535
0.0193769	-0.817576	-2.93819	0.162214	0.915535
0.0193769	-0.817576	-2.93819	0.162214	0.915535
0.0193769	-0.817576	-2.93819	0.162214	0.915535
0.0193769	-0.817576	-2.93819	0.162214	0.915535
0.0193769	-0.817576	-2.93819	0.162214	0.915535
0.0193769	-0.817576	-2.93819	0.162214	0.915535
0.0193769	-0.817576	-2.93819	0.162214	0.915535
0.0193769	-0.817576	-2.93819	0.162214	0.915535
0.00505855	-0.821206	-2.86161	0.315746	0.834687
0.00505855	-0.821206	-2.86161	0.315746	0.834687
0.00505855	-0.821206	-2.86161	0.315746	0.834687
0.00505855	-0.821206	-2.86161	0.315746	0.834687
0.00505855	-0.821206	-2.86161	0.315746	0.834687
0.00505855	-0.821206	-2.86161	0.315746	0.834687
0.00505855	-0.821206	-2.86161	0.315746	0.834687
0.00505855	-0.821206	-2.86161	0.315746	0.834687
0.00505855	-0.821206	-2.86161	0.315746	0.834687
0.00505855	-0.821206	-2.86161	0.315746	0.834687
-0.0309735	-0.833914	-2.77367	0.24744	1.01089
-0.0309735	-0.833914	-2.77367	0.24744	1.01089
-0.0309735	-0.833914	-2.77367	0.24744	1.01089
-0.0309735	-0.833914	-2.77367	0.24744	1.01089
-0.0309735	-0.833914	-2.77367	0.24744	1.01089
-0.0309735	-0.833914	-2.77367	0.24744	1.01089
